parameter_type	source_taxon	target_taxon	value	significance	MCMC_std
growth_rate	NA	552961	0.0288495877313414	10000	NA
growth_rate	NA	682726	0.020155225022611	10000	NA
growth_rate	NA	191922	0.0210743797861012	10000	NA
growth_rate	NA	1111783	0.0274034904960868	10000	NA
growth_rate	NA	529021	0.020846851498697	10000	NA
growth_rate	NA	188634	0.0477832552978019	10000	NA
growth_rate	NA	181765	0.0191041955051089	10000	NA
growth_rate	NA	593352	0.0347387792159845	10000	NA
growth_rate	NA	302439	0.0307875525900577	10000	NA
growth_rate	NA	574965	0.0232054787222758	10000	NA
growth_rate	NA	319438	0.0253299722272456	10000	NA
growth_rate	NA	1809696	0.0329248084277262	10000	NA
growth_rate	NA	4385756	0.0277135341258709	10000	NA
growth_rate	NA	4310872	0.0206240001360926	10000	NA
growth_rate	NA	4407174	0.0295094397352863	10000	NA
growth_rate	NA	4459708	0.0193912140388422	10000	NA
growth_rate	NA	310391	0.0207240455858001	10000	NA
growth_rate	NA	177224	0.0303256127302914	10000	NA
growth_rate	NA	1073276	0.0310708731801423	10000	NA
growth_rate	NA	586030	0.0229743467549853	10000	NA
growth_rate	NA	1106789	0.0291916653465927	10000	NA
growth_rate	NA	851715	0.0823949599128272	10000	NA
growth_rate	NA	328438	0.0217364422285479	10000	NA
growth_rate	NA	316489	0.0208081257965372	10000	NA
growth_rate	NA	198583	0.0293513764581574	10000	NA
growth_rate	NA	3924208	0.0253432201397569	10000	NA
growth_rate	NA	365868	0.0199596849550264	10000	NA
interaction	552961	552961	2.4007455342317e-07	0.0206805955127595	NA
interaction	552961	682726	3.75871710172033e-07	0.0323784869821475	NA
interaction	552961	191922	-7.18678746060902e-08	0.00619087039379172	NA
interaction	552961	1111783	3.64519494906189e-07	0.0314005800414112	NA
interaction	552961	529021	1.56319729530468e-07	0.0134657549123304	NA
interaction	552961	188634	-6.95281795641238e-07	0.0598932347390293	NA
interaction	552961	181765	3.32919535076434e-07	0.0286784840169037	NA
interaction	552961	593352	-3.13737571198076e-09	0.000270261038272822	NA
interaction	552961	302439	-3.9117443114108e-07	0.0336966999209742	NA
interaction	552961	574965	5.26560791807739e-08	0.00453592044345473	NA
interaction	552961	319438	1.50674694920487e-07	0.0129794781463844	NA
interaction	552961	1809696	-6.64362358757207e-07	0.0572297605866737	NA
interaction	552961	4385756	-1.19588233293798e-07	0.0103016160837138	NA
interaction	552961	4310872	3.99222638867972e-07	0.0343899917598188	NA
interaction	552961	4407174	-1.47784860098118e-06	0.127305408716589	NA
interaction	552961	4459708	3.9529686695839e-07	0.034051816389794	NA
interaction	552961	310391	3.68523591678145e-07	0.0317455025021803	NA
interaction	552961	177224	-2.39823174498482e-07	0.0206589411317026	NA
interaction	552961	1073276	-3.79932058365076e-07	0.0327282550747003	NA
interaction	552961	586030	3.03558506080486e-07	0.0261492548426926	NA
interaction	552961	1106789	-1.6453104919209e-07	0.0141730976028681	NA
interaction	552961	851715	-3.25095735862491e-07	0.0280045232634231	NA
interaction	552961	328438	3.44710835599398e-07	0.0296942148105584	NA
interaction	552961	316489	-2.28094426807184e-07	0.0196485987883914	NA
interaction	552961	198583	-1.28174980715277e-06	0.110412990182931	NA
interaction	552961	3924208	3.13737571198082e-09	0.000270261038272827	NA
interaction	552961	365868	4.38092433643376e-07	0.0377383287324473	NA
interaction	682726	552961	-2.06017708017515e-06	0.177468574958299	NA
interaction	682726	682726	9.51623584094847e-08	0.00819751287358581	NA
interaction	682726	191922	-1.82628092731949e-06	0.157320201629152	NA
interaction	682726	1111783	1.3560914774301e-07	0.0116816959245151	NA
interaction	682726	529021	-3.02960880239483e-06	0.260977739251628	NA
interaction	682726	188634	3.37092171477467e-06	0.290379248839225	NA
interaction	682726	181765	-2.95354356244333e-07	0.0254425297780477	NA
interaction	682726	593352	-1.33090567785683e-07	0.0114647394307038	NA
interaction	682726	302439	1.49462222730351e-06	0.12875032895619	NA
interaction	682726	574965	-1.54391963610299e-08	0.00132996925509937	NA
interaction	682726	319438	-1.20149040915363e-06	0.103499253918713	NA
interaction	682726	1809696	3.65792430647359e-07	0.0315102337668956	NA
interaction	682726	4385756	1.29613026099907e-06	0.111651756828728	NA
interaction	682726	4310872	1.92847643533312e-08	0.00166123566810157	NA
interaction	682726	4407174	-7.85106851874168e-07	0.0676309796535839	NA
interaction	682726	4459708	3.15160190721172e-08	0.00271486516713006	NA
interaction	682726	310391	1.38808703263727e-07	0.0119573132800452	NA
interaction	682726	177224	-7.72118431552949e-08	0.00665121261008737	NA
interaction	682726	1073276	-1.9144238467932e-06	0.164913043265043	NA
interaction	682726	586030	4.36904601093814e-07	0.0376360059991792	NA
interaction	682726	1106789	4.40893881350501e-08	0.003797965212993	NA
interaction	682726	851715	-6.72030417045119e-08	0.00578903054447579	NA
interaction	682726	328438	1.99176487636491e-07	0.0171575384301637	NA
interaction	682726	316489	-6.95556522064479e-07	0.0599169003293832	NA
interaction	682726	198583	1.85700175400179e-05	1.59966567024298	NA
interaction	682726	3924208	1.54391963610298e-08	0.00132996925509937	NA
interaction	682726	365868	-1.05226695721834e-07	0.00906447893097461	NA
interaction	191922	552961	-1.39284124609102e-06	0.119982672104041	NA
interaction	191922	682726	5.85150681024357e-07	0.0504062774489475	NA
interaction	191922	191922	-5.21083877948705e-07	0.0448874099916883	NA
interaction	191922	1111783	5.78704680649766e-07	0.0498510035787217	NA
interaction	191922	529021	1.29291463166552e-06	0.111374754836564	NA
interaction	191922	188634	-8.90561084055112e-07	0.0767150591186767	NA
interaction	191922	181765	9.25452903801494e-07	0.079720723819871	NA
interaction	191922	593352	-3.68286212657878e-07	0.0317250541063326	NA
interaction	191922	302439	-1.47912522656332e-07	0.0127415380293789	NA
interaction	191922	574965	2.28595554762463e-07	0.0196917671475343	NA
interaction	191922	319438	-3.97259862852305e-07	0.0342209135452251	NA
interaction	191922	1809696	-3.34028390564124e-06	0.287740034774048	NA
interaction	191922	4385756	1.47912522656332e-07	0.0127415380293789	NA
interaction	191922	4310872	5.97904572556608e-07	0.0515049281315426	NA
interaction	191922	4407174	-2.09709936735502e-06	0.180649148974518	NA
interaction	191922	4459708	5.94502452178746e-07	0.051211861355339	NA
interaction	191922	310391	5.85600592340551e-07	0.0504450338844554	NA
interaction	191922	177224	-1.66030762369639e-06	0.143022864784395	NA
interaction	191922	1073276	-2.45650840760611e-06	0.21160950224428	NA
interaction	191922	586030	5.58354976645482e-07	0.0480980314652001	NA
interaction	191922	1106789	-1.43011336880908e-06	0.123193381789192	NA
interaction	191922	851715	-5.88713658352717e-07	0.050713200827116	NA
interaction	191922	328438	5.68033567320463e-07	0.0489317683857892	NA
interaction	191922	316489	1.71135006315459e-06	0.147419782447546	NA
interaction	191922	198583	-1.44478148711544e-06	0.124456928538741	NA
interaction	191922	3924208	1.46842480512644e-06	0.12649362043046	NA
interaction	191922	365868	6.14965031694879e-07	0.0529745568350839	NA
interaction	1111783	552961	1.55590105189259e-07	0.01340290332868	NA
interaction	1111783	682726	7.39170911005208e-08	0.00636739479771176	NA
interaction	1111783	191922	-2.35494592752915e-08	0.00202860667601893	NA
interaction	1111783	1111783	6.20160507822027e-08	0.00534221075594306	NA
interaction	1111783	529021	4.15143974130492e-07	0.0357614936116074	NA
interaction	1111783	188634	-8.02783905562346e-07	0.0691537232845515	NA
interaction	1111783	181765	1.35132727657397e-07	0.0116406559602864	NA
interaction	1111783	593352	-2.60084668521175e-07	0.0224043146266973	NA
interaction	1111783	302439	-1.9778480868328e-07	0.0170376558807448	NA
interaction	1111783	574965	-9.46975124374035e-08	0.0081574699311445	NA
interaction	1111783	319438	-5.10427105433185e-09	0.000439694101507118	NA
interaction	1111783	1809696	-8.99573907200465e-07	0.0774914452339037	NA
interaction	1111783	4385756	-3.10295819349557e-07	0.0267296231015259	NA
interaction	1111783	4310872	9.7185069340534e-08	0.00837175402496071	NA
interaction	1111783	4407174	7.23844332390487e-08	0.00623536798837022	NA
interaction	1111783	4459708	9.36378179092566e-08	0.00806618531313227	NA
interaction	1111783	310391	6.32946786573373e-08	0.0054523548154444	NA
interaction	1111783	177224	-1.4205773677901e-07	0.0122371927882184	NA
interaction	1111783	1073276	-4.98706608065523e-07	0.0429597785099867	NA
interaction	1111783	586030	5.10427105433184e-09	0.000439694101507118	NA
interaction	1111783	1106789	-6.26659716353771e-07	0.0539819649074152	NA
interaction	1111783	851715	-4.9484287754311e-07	0.0426269475332548	NA
interaction	1111783	328438	4.21466345884683e-08	0.00363061178171527	NA
interaction	1111783	316489	2.04087591611533e-07	0.0175805926580306	NA
interaction	1111783	198583	-9.49573917695077e-07	0.0817985655760174	NA
interaction	1111783	3924208	1.03160855438041e-07	0.00888652251412862	NA
interaction	1111783	365868	1.3775043269365e-07	0.0118661513251826	NA
interaction	529021	552961	-8.32849101255541e-06	0.7174361106015	NA
interaction	529021	682726	9.54541608603653e-07	0.0822264943375117	NA
interaction	529021	191922	-3.49008573494605e-07	0.030064432219123	NA
interaction	529021	1111783	8.92883014573686e-07	0.0769150757600852	NA
interaction	529021	529021	9.1663099117404e-06	0.789607831926956	NA
interaction	529021	188634	-7.5939274004323e-06	0.654159046355826	NA
interaction	529021	181765	6.75534304256431e-06	0.581921386590918	NA
interaction	529021	593352	-2.13840488764457e-06	0.184207305161302	NA
interaction	529021	302439	-5.46979992448875e-06	0.471181631543783	NA
interaction	529021	574965	3.49008573494605e-07	0.030064432219123	NA
interaction	529021	319438	-3.85472098741182e-07	0.0332054873865341	NA
interaction	529021	1809696	-8.196608687472e-06	0.706075452083374	NA
interaction	529021	4385756	-3.72218748070052e-06	0.32063812100627	NA
interaction	529021	4310872	1.08179905158024e-06	0.0931887544632153	NA
interaction	529021	4407174	-3.98378635427701e-06	0.343172872873508	NA
interaction	529021	4459708	1.05815260887352e-06	0.0911517934027425	NA
interaction	529021	310391	9.26519653993444e-07	0.0798126162296176	NA
interaction	529021	177224	-7.84852771670087e-06	0.676090925778673	NA
interaction	529021	1073276	-9.22002264773328e-06	0.794234775312306	NA
interaction	529021	586030	5.04156879930172e-07	0.0434292779478081	NA
interaction	529021	1106789	-7.79337031981947e-06	0.671339535853435	NA
interaction	529021	851715	-5.84300922119712e-06	0.503330771870299	NA
interaction	529021	328438	7.81432231344984e-07	0.0673144390634073	NA
interaction	529021	316489	8.01916951037591e-06	0.690790417508415	NA
interaction	529021	198583	8.82783040561567e-06	0.760450398722507	NA
interaction	529021	3924208	6.73731408914367e-06	0.580368329476392	NA
interaction	529021	365868	1.28584364042474e-06	0.11076564276017	NA
interaction	188634	552961	-8.43196107262675e-07	0.0726349268741357	NA
interaction	188634	682726	1.97778340423816e-07	0.0170370986894234	NA
interaction	188634	191922	-7.06192225924313e-07	0.0608330852660309	NA
interaction	188634	1111783	1.77535412593136e-07	0.0152933245305588	NA
interaction	188634	529021	5.99783473660974e-06	0.516667811609197	NA
interaction	188634	188634	-1.67940188786053e-06	0.14466769031114	NA
interaction	188634	181765	8.6075756539886e-07	0.0741477128281245	NA
interaction	188634	593352	-9.8963260155067e-07	0.0852493162939861	NA
interaction	188634	302439	-2.01229154693955e-06	0.17334360073826	NA
interaction	188634	574965	-4.18163883304471e-07	0.0360216358016972	NA
interaction	188634	319438	-8.55867194828404e-07	0.0737264446252557	NA
interaction	188634	1809696	1.07058476172764e-06	0.0922227287470461	NA
interaction	188634	4385756	-1.11510675370476e-06	0.0960579594883827	NA
interaction	188634	4310872	2.42903880305433e-07	0.0209243204889852	NA
interaction	188634	4407174	9.75403380983416e-07	0.0840235772441064	NA
interaction	188634	4459708	2.32557485983177e-07	0.0200330573669961	NA
interaction	188634	310391	1.92695879667826e-07	0.016599283379115	NA
interaction	188634	177224	-2.80734537877258e-07	0.0241831437006464	NA
interaction	188634	1073276	-6.44704621797333e-07	0.0555363961673018	NA
interaction	188634	586030	6.85077438585766e-08	0.00590142070464941	NA
interaction	188634	1106789	-9.33242485411097e-07	0.0803917369871762	NA
interaction	188634	851715	-2.32837527653265e-06	0.200571808254102	NA
interaction	188634	328438	1.43028894311391e-07	0.0123208506179216	NA
interaction	188634	316489	-6.85077438585766e-08	0.00590142070464941	NA
interaction	188634	198583	3.75675493226413e-05	3.23615843857363	NA
interaction	188634	3924208	5.88651487127422e-07	0.0507078452492569	NA
interaction	188634	365868	3.0816193771041e-07	0.0265458054397951	NA
interaction	181765	552961	5.63499367624404e-07	0.0485411815928483	NA
interaction	181765	682726	5.65418628579601e-07	0.048706511316186	NA
interaction	181765	191922	-3.65620043810606e-07	0.0314953839529867	NA
interaction	181765	1111783	5.83555837770752e-07	0.0502688938413815	NA
interaction	181765	529021	-1.06349765778428e-06	0.091612228683963	NA
interaction	181765	188634	-2.35614573197084e-06	0.202964021622547	NA
interaction	181765	181765	8.50054008610319e-07	0.0732256828781136	NA
interaction	181765	593352	-2.67361724446784e-07	0.0230311776072814	NA
interaction	181765	302439	-2.76931350291972e-06	0.238555280371412	NA
interaction	181765	574965	6.93193257010345e-08	0.00597133230323431	NA
interaction	181765	319438	-6.93193257010345e-08	0.00597133230323431	NA
interaction	181765	1809696	-7.1765875106636e-07	0.0618208391325623	NA
interaction	181765	4385756	-1.6791134019005e-06	0.144642839441419	NA
interaction	181765	4310872	5.30654554768939e-07	0.0457118509550491	NA
interaction	181765	4407174	2.79069797930895e-07	0.0240397390249997	NA
interaction	181765	4459708	5.39367974378753e-07	0.046462445734521	NA
interaction	181765	310391	5.80085515621292e-07	0.0499699520016546	NA
interaction	181765	177224	-8.00849172937951e-07	0.0689870607946711	NA
interaction	181765	1073276	-8.86277484751897e-07	0.0763460596422	NA
interaction	181765	586030	5.62870579976536e-07	0.0484870163228371	NA
interaction	181765	1106789	-5.1439069872647e-07	0.0443108435450751	NA
interaction	181765	851715	-1.18246852314483e-06	0.101860663219163	NA
interaction	181765	328438	6.14419199273239e-07	0.0529275375264203	NA
interaction	181765	316489	4.28358925354179e-07	0.0368998610773845	NA
interaction	181765	198583	-3.05938207277336e-06	0.263542479883281	NA
interaction	181765	3924208	2.64586737916253e-07	0.02279213363876	NA
interaction	181765	365868	4.75893347695494e-07	0.0409945897662709	NA
interaction	593352	552961	-7.94571260276092e-06	0.684462664015415	NA
interaction	593352	682726	3.10769141981889e-06	0.267703962437299	NA
interaction	593352	191922	-1.64128589682648e-06	0.141384287793449	NA
interaction	593352	1111783	2.99381951916548e-06	0.257894764902185	NA
interaction	593352	529021	2.57582473688466e-05	2.21887695866607	NA
interaction	593352	188634	-1.60845122716242e-05	1.38555830914387	NA
interaction	593352	181765	8.22589617777785e-06	0.708598346459154	NA
interaction	593352	593352	-1.7374321256899e-06	0.149666553618168	NA
interaction	593352	302439	-1.33416959280044e-05	1.14928555736995	NA
interaction	593352	574965	4.44685384601809e-07	0.0383062612769952	NA
interaction	593352	319438	-4.44685384601809e-07	0.0383062612769952	NA
interaction	593352	1809696	-2.28259392375252e-06	0.196628093164882	NA
interaction	593352	4385756	-2.73345603350622e-06	0.235466432301185	NA
interaction	593352	4310872	3.34545895179868e-06	0.288185825612002	NA
interaction	593352	4407174	-6.12178424472633e-06	0.527345118324192	NA
interaction	593352	4459708	3.28478293998837e-06	0.282959049014131	NA
interaction	593352	310391	3.08056736010202e-06	0.265367431140374	NA
interaction	593352	177224	-1.12054835779978e-05	0.965267122638233	NA
interaction	593352	1073276	-9.86572200491185e-06	0.849856860361534	NA
interaction	593352	586030	2.37613356063493e-06	0.20468582092983	NA
interaction	593352	1106789	-3.95656685518579e-06	0.340828120200894	NA
interaction	593352	851715	-1.25169554643306e-05	1.07824044372069	NA
interaction	593352	328438	2.79783951824804e-06	0.241012579473645	NA
interaction	593352	316489	2.32971248665432e-05	2.00686998728259	NA
interaction	593352	198583	1.34996552578161e-05	1.16289255136712	NA
interaction	593352	3924208	1.5221426266245e-05	1.31121001893375	NA
interaction	593352	365868	3.70510508498198e-06	0.319166602633303	NA
interaction	302439	552961	-3.94573396623872e-06	0.339894949269804	NA
interaction	302439	682726	2.34567748556019e-06	0.202062261870588	NA
interaction	302439	191922	-5.84743059711861e-07	0.050371163975379	NA
interaction	302439	1111783	2.28246466042151e-06	0.196616958112769	NA
interaction	302439	529021	1.22344240918116e-05	1.0539025163918	NA
interaction	302439	188634	-9.03471468743775e-06	0.7782719049559	NA
interaction	302439	181765	5.20163613053083e-06	0.448081361752859	NA
interaction	302439	593352	-3.5868213994374e-06	0.308977363408961	NA
interaction	302439	302439	-4.46431321295514e-06	0.384566604344176	NA
interaction	302439	574965	8.98865397423619e-09	0.000774304125092651	NA
interaction	302439	319438	-1.29847144730964e-06	0.111853432210056	NA
interaction	302439	1809696	-2.97392171103582e-06	0.256180720178774	NA
interaction	302439	4385756	-8.98865397423661e-09	0.000774304125092688	NA
interaction	302439	4310872	2.48180749751425e-06	0.213788826282463	NA
interaction	302439	4407174	-4.01245048717114e-06	0.345642069752789	NA
interaction	302439	4459708	2.43784597412355e-06	0.210001875643987	NA
interaction	302439	310391	2.33168742455837e-06	0.20085712459697	NA
interaction	302439	177224	-3.14967302064635e-06	0.271320357816615	NA
interaction	302439	1073276	-1.01339017277469e-05	0.872958502303981	NA
interaction	302439	586030	1.97039589928433e-06	0.169734609570522	NA
interaction	302439	1106789	-8.4762310927245e-06	0.730162794023104	NA
interaction	302439	851715	-1.20690498344814e-05	1.03965678282569	NA
interaction	302439	328438	2.17439345507762e-06	0.187307446328095	NA
interaction	302439	316489	1.70819845462836e-05	1.47148295360655	NA
interaction	302439	198583	2.89684946362104e-05	2.49541532679236	NA
interaction	302439	3924208	1.09299306829916e-05	0.941530338032209	NA
interaction	302439	365868	2.67254652836878e-06	0.230219542030356	NA
interaction	574965	552961	-4.58242496576666e-06	0.394741032872187	NA
interaction	574965	682726	5.06572170654452e-07	0.0436373368603514	NA
interaction	574965	191922	-3.67272826247303e-08	0.0031637758580187	NA
interaction	574965	1111783	4.2896854903954e-07	0.0369523755178873	NA
interaction	574965	529021	8.81056650252369e-06	0.758963244870813	NA
interaction	574965	188634	-7.41732563103335e-06	0.638946148080265	NA
interaction	574965	181765	2.26229449248842e-06	0.194879451665289	NA
interaction	574965	593352	-1.81270520441916e-06	0.156150756429351	NA
interaction	574965	302439	-1.25010516210733e-06	0.107687044867202	NA
interaction	574965	574965	-5.90655675984217e-07	0.0508804908649107	NA
interaction	574965	319438	3.66896420725296e-07	0.0316053341093783	NA
interaction	574965	1809696	-4.06826877373045e-05	3.50450390293591	NA
interaction	574965	4385756	-1.78392748429267e-06	0.153671774874541	NA
interaction	574965	4310872	6.63431529262612e-07	0.0571495767104794	NA
interaction	574965	4407174	1.3401249962848e-06	0.115441568419177	NA
interaction	574965	4459708	6.28839870788856e-07	0.0541697686183228	NA
interaction	574965	310391	4.37290307224589e-07	0.0376692316466442	NA
interaction	574965	177224	-1.82337222433545e-05	1.57069639005909	NA
interaction	574965	1073276	-5.47101942120673e-06	0.471286681904156	NA
interaction	574965	586030	3.67272826247302e-08	0.0031637758580187	NA
interaction	574965	1106789	-6.32970508303733e-06	0.545255916009628	NA
interaction	574965	851715	-2.38305644783175e-06	0.205282174970092	NA
interaction	574965	328438	3.0304809744632e-07	0.0261052870237009	NA
interaction	574965	316489	2.33864912952208e-05	2.01456822492398	NA
interaction	574965	198583	-3.17406273893579e-06	0.273421346411291	NA
interaction	574965	3924208	9.55629409664981e-06	0.82320200119432	NA
interaction	574965	365868	9.03502377597751e-07	0.0778298530581054	NA
interaction	319438	552961	-8.49251191621996e-07	0.073156526305001	NA
interaction	319438	682726	9.83461178991544e-08	0.00847176952126854	NA
interaction	319438	191922	-7.73282287112679e-07	0.0666123833989623	NA
interaction	319438	1111783	9.73943413257407e-08	0.00838978121366731	NA
interaction	319438	529021	8.27482240013961e-07	0.071281296812648	NA
interaction	319438	188634	-1.40433871257309e-07	0.0120973091331514	NA
interaction	319438	181765	4.63373526937874e-07	0.0399161024993417	NA
interaction	319438	593352	-3.90544300616347e-07	0.0336424189723421	NA
interaction	319438	302439	3.74624567793181e-09	0.000322710551585073	NA
interaction	319438	574965	-9.26024237358614e-08	0.00797699398572611	NA
interaction	319438	319438	-4.55336710513344e-07	0.0392237919344938	NA
interaction	319438	1809696	-1.49898154942086e-06	0.12912585137676	NA
interaction	319438	4385756	-3.74624567793181e-09	0.000322710551585073	NA
interaction	319438	4310872	1.00423641093144e-07	0.00865073233190659	NA
interaction	319438	4407174	-6.41159084230337e-07	0.0552309750918366	NA
interaction	319438	4459708	9.96342452747267e-08	0.00858273189042963	NA
interaction	319438	310391	9.71263767802503e-08	0.00836669810761533	NA
interaction	319438	177224	-1.6361194306032e-06	0.140939236051519	NA
interaction	319438	1073276	-7.02672327562252e-07	0.0605298728129247	NA
interaction	319438	586030	8.02113330492695e-08	0.00690959583462078	NA
interaction	319438	1106789	-8.82179044165675e-07	0.075993010179905	NA
interaction	319438	851715	6.95143832265405e-08	0.00598813502442734	NA
interaction	319438	328438	9.58282333375461e-08	0.00825487293050551	NA
interaction	319438	316489	6.53165717956492e-07	0.0562652552019938	NA
interaction	319438	198583	-1.09497001281848e-05	0.943233325265642	NA
interaction	319438	3924208	5.7638560311483e-07	0.0496512327001389	NA
interaction	319438	365868	1.03584180403765e-07	0.00892298873789855	NA
interaction	1809696	552961	8.26780305601165e-07	0.0712208305055757	NA
interaction	1809696	682726	1.82285301914683e-07	0.0157024913430704	NA
interaction	1809696	191922	-4.39754113310511e-08	0.00378814697883311	NA
interaction	1809696	1111783	1.63354416219099e-07	0.0140717396278789	NA
interaction	1809696	529021	3.7825805197597e-06	0.325840521655404	NA
interaction	1809696	188634	-3.1126319422036e-06	0.268129550837249	NA
interaction	1809696	181765	3.37577105628736e-07	0.0290796982701049	NA
interaction	1809696	593352	-2.51346081729143e-07	0.0216515518860306	NA
interaction	1809696	302439	-2.44722073383019e-06	0.210809439839184	NA
interaction	1809696	574965	-1.72268699412553e-07	0.0148396372762609	NA
interaction	1809696	319438	5.52399216906279e-08	0.00475849880943746	NA
interaction	1809696	1809696	-8.39082821841109e-07	0.0722805986422636	NA
interaction	1809696	4385756	-1.56127185449066e-06	0.134491687052165	NA
interaction	1809696	4310872	2.19140839489509e-07	0.0188773153888608	NA
interaction	1809696	4407174	-1.14122639240485e-07	0.00983079675596003	NA
interaction	1809696	4459708	2.14536397417738e-07	0.0184806777498838	NA
interaction	1809696	310391	1.66459009296691e-07	0.0143391766917155	NA
interaction	1809696	177224	-9.81965551519524e-08	0.00845888582895481	NA
interaction	1809696	1073276	2.79655812995349e-07	0.0240902197625021	NA
interaction	1809696	586030	4.39754113310511e-08	0.00378814697883311	NA
interaction	1809696	1106789	-2.49023507093044e-07	0.0214514797587999	NA
interaction	1809696	851715	-2.73193584789313e-07	0.0235335479881113	NA
interaction	1809696	328438	1.28690243447822e-07	0.0110856849809144	NA
interaction	1809696	316489	-6.37612405191348e-07	0.0549254556872472	NA
interaction	1809696	198583	1.06258039765998e-05	0.915332137057404	NA
interaction	1809696	3924208	-6.0564043123562e-07	0.0521713134772754	NA
interaction	1809696	365868	2.85798045312725e-07	0.0246193263266499	NA
interaction	4385756	552961	-1.05279782283309e-06	0.0906905193419119	NA
interaction	4385756	682726	3.31900456363833e-09	0.000285906981422641	NA
interaction	4385756	191922	-5.83112934752853e-07	0.05023074111743	NA
interaction	4385756	1111783	1.00589085184083e-09	8.66498408110657e-05	NA
interaction	4385756	529021	1.17183450164867e-06	0.10094462320534	NA
interaction	4385756	188634	5.65363106166841e-07	0.048701728482921	NA
interaction	4385756	181765	3.99778961127103e-07	0.0344379146881416	NA
interaction	4385756	593352	-5.47299803584465e-07	0.0471457124495506	NA
interaction	4385756	302439	4.03328981622928e-07	0.0347437219338048	NA
interaction	4385756	574965	-2.21798639869391e-07	0.0191062646624355	NA
interaction	4385756	319438	-5.49369896152765e-07	0.0473240351683417	NA
interaction	4385756	1809696	-5.93234391770848e-07	0.0511026276027085	NA
interaction	4385756	4385756	4.2959352286243e-07	0.0370062122559045	NA
interaction	4385756	4310872	9.20719605167379e-09	0.000793129861688062	NA
interaction	4385756	4407174	-8.35904754630581e-07	0.0720068323411036	NA
interaction	4385756	4459708	8.52696569456424e-09	0.000734533193818451	NA
interaction	4385756	310391	2.95478372654651e-09	0.000254532128478782	NA
interaction	4385756	177224	-1.24500777356274e-06	0.107247943641524	NA
interaction	4385756	1073276	-1.40056785039397e-06	0.120648260255714	NA
interaction	4385756	586030	-1.83913244388527e-08	0.00158427261965338	NA
interaction	4385756	1106789	-1.07271299294985e-06	0.092406059668365	NA
interaction	4385756	851715	-9.04857301488587e-07	0.0779465694386522	NA
interaction	4385756	328438	-2.95478372654651e-09	0.000254532128478782	NA
interaction	4385756	316489	8.26818451930368e-07	0.0712241165214958	NA
interaction	4385756	198583	5.91292495759866e-06	0.509353480415958	NA
interaction	4385756	3924208	6.71248555122644e-07	0.0578229539910742	NA
interaction	4385756	365868	1.91829186294746e-08	0.0016524624341634	NA
interaction	4310872	552961	-9.77291342289468e-07	0.0841862107408993	NA
interaction	4310872	682726	8.69294050603836e-08	0.00748830660553097	NA
interaction	4310872	191922	-1.25521232373191e-08	0.00108126987969335	NA
interaction	4310872	1111783	8.29741770439722e-08	0.00714759381610027	NA
interaction	4310872	529021	3.35096677106443e-07	0.0288660282320421	NA
interaction	4310872	188634	-1.67200436922797e-06	0.144030450385222	NA
interaction	4310872	181765	1.76972804167228e-07	0.0152448600968136	NA
interaction	4310872	593352	-1.25391264818017e-07	0.0108015030812693	NA
interaction	4310872	302439	-1.34614109668524e-06	0.115959809678701	NA
interaction	4310872	574965	5.5036919513702e-09	0.000474101171699325	NA
interaction	4310872	319438	-5.50369195137021e-09	0.000474101171699326	NA
interaction	4310872	1809696	-1.10368943257463e-06	0.0950744441729745	NA
interaction	4310872	4385756	-5.53966129746247e-07	0.0477199657093908	NA
interaction	4310872	4310872	9.47612052669349e-08	0.00816295658362732	NA
interaction	4310872	4407174	-1.36675626651606e-06	0.117735649652655	NA
interaction	4310872	4459708	9.34972950500266e-08	0.00805408033836258	NA
interaction	4310872	310391	8.82433731138737e-08	0.00760149495241511	NA
interaction	4310872	177224	-1.28082251741124e-06	0.110333111229521	NA
interaction	4310872	1073276	-9.43092814188543e-07	0.0812402678381531	NA
interaction	4310872	586030	6.71755538823173e-08	0.0057866626778101	NA
interaction	4310872	1106789	-4.62956176489729e-07	0.0398801509347878	NA
interaction	4310872	851715	-5.82294025412301e-07	0.0501601983106556	NA
interaction	4310872	328438	7.61606507104781e-08	0.00656066038184265	NA
interaction	4310872	316489	9.82244446081082e-07	0.0846128829332933	NA
interaction	4310872	198583	1.07770517272012e-07	0.00928360979589033	NA
interaction	4310872	3924208	6.94631928065491e-07	0.0598372535936757	NA
interaction	4310872	365868	1.0833472155275e-07	0.00933221170038267	NA
interaction	4407174	552961	-1.30559646281136e-06	0.112467198065338	NA
interaction	4407174	682726	2.91439349749835e-06	0.251052817665943	NA
interaction	4407174	191922	-1.28386254883432e-07	0.0110594986798216	NA
interaction	4407174	1111783	2.85667517628653e-06	0.246080823601445	NA
interaction	4407174	529021	-1.71352645185565e-07	0.0147607261769129	NA
interaction	4407174	188634	-1.07199751169483e-05	0.923444264039431	NA
interaction	4407174	181765	3.09963440410613e-06	0.267009911857512	NA
interaction	4407174	593352	-6.30033739718641e-07	0.0542726113398027	NA
interaction	4407174	302439	-6.12588042054826e-06	0.527697972694281	NA
interaction	4407174	574965	1.04499076639249e-06	0.0900180008509219	NA
interaction	4407174	319438	1.28386254883432e-07	0.0110594986798216	NA
interaction	4407174	1809696	-4.25000655805103e-06	0.366105717163216	NA
interaction	4407174	4385756	-3.21994091491199e-06	0.277373402081909	NA
interaction	4407174	4310872	3.03183557687183e-06	0.26116955892431	NA
interaction	4407174	4407174	-2.67829483617667e-06	0.230714714996265	NA
interaction	4407174	4459708	3.00378412609962e-06	0.258753139946562	NA
interaction	4407174	310391	2.88726565147381e-06	0.248715960207431	NA
interaction	4407174	177224	-6.17972251144497e-06	0.532336059020046	NA
interaction	4407174	1073276	-3.89943038904357e-06	0.335906248522004	NA
interaction	4407174	586030	2.551603673249e-06	0.219801235586683	NA
interaction	4407174	1106789	-1.98094030900066e-06	0.170642930211568	NA
interaction	4407174	851715	-3.78660294881427e-06	0.326187023302789	NA
interaction	4407174	328438	2.75245624905042e-06	0.237103156255148	NA
interaction	4407174	316489	3.96109445252636e-06	0.341218138251162	NA
interaction	4407174	198583	3.92969385070591e-06	0.338513215401795	NA
interaction	4407174	3924208	4.3063095251962e-06	0.37095578924747	NA
interaction	4407174	365868	3.2181608883195e-06	0.277220066339172	NA
interaction	4459708	552961	-2.76432087382688e-06	0.238125203375154	NA
interaction	4459708	682726	1.28335097383322e-06	0.11055091850559	NA
interaction	4459708	191922	-5.70082118013057e-07	0.0491082354359486	NA
interaction	4459708	1111783	1.1967042239408e-06	0.103086960491423	NA
interaction	4459708	529021	3.71334219255229e-05	3.19876166755897	NA
interaction	4459708	188634	-6.89395037171528e-07	0.0593861353023855	NA
interaction	4459708	181765	6.22174675499719e-06	0.535956127745535	NA
interaction	4459708	593352	-3.1741194638909e-06	0.273426232834427	NA
interaction	4459708	302439	1.43511473483335e-07	0.0123624211405594	NA
interaction	4459708	574965	-1.43511473483335e-07	0.0123624211405594	NA
interaction	4459708	319438	-6.21813718232531e-07	0.0535645190533171	NA
interaction	4459708	1809696	-7.47934756313499e-06	0.644288865467113	NA
interaction	4459708	4385756	3.68950560829634e-07	0.031782282644817	NA
interaction	4459708	4310872	1.4506878345457e-06	0.12496571541524	NA
interaction	4459708	4407174	-8.96065958436191e-07	0.0771892621476956	NA
interaction	4459708	4459708	1.41941316357819e-06	0.122271640550363	NA
interaction	4459708	310391	1.20746740812939e-06	0.10401412688811	NA
interaction	4459708	177224	-6.10534218039259e-06	0.525928759626311	NA
interaction	4459708	1073276	-7.34319569298367e-06	0.632560418137912	NA
interaction	4459708	586030	7.09290134536446e-07	0.0610999465140453	NA
interaction	4459708	1106789	-1.17476035515487e-05	1.01196663215531	NA
interaction	4459708	851715	-1.15856460414801e-06	0.0998015225360116	NA
interaction	4459708	328438	1.04649806769097e-06	0.0901478433853565	NA
interaction	4459708	316489	9.01027774322173e-06	0.776166848207097	NA
interaction	4459708	198583	-0.000149452927162888	12.8742321532328	NA
interaction	4459708	3924208	6.44342711489114e-06	0.555052203488343	NA
interaction	4459708	365868	1.73077937418497e-06	0.149093469711696	NA
interaction	310391	552961	3.72081187798461e-07	0.0320519623302335	NA
interaction	310391	682726	1.1994801656224e-07	0.010332608673894	NA
interaction	310391	191922	-3.01425810869574e-07	0.025965539382724	NA
interaction	310391	1111783	1.0439071008139e-07	0.00899246513093633	NA
interaction	310391	529021	1.51466357343697e-07	0.0130476738386125	NA
interaction	310391	188634	-1.04954735686496e-07	0.00904105164388294	NA
interaction	310391	181765	1.87995551100934e-07	0.0161943858483983	NA
interaction	310391	593352	-4.93137528703072e-07	0.0424800447105019	NA
interaction	310391	302439	-7.73240802933298e-08	0.00666088098526547	NA
interaction	310391	574965	-2.44798008732581e-07	0.0210874852363211	NA
interaction	310391	319438	-2.76071545991542e-07	0.0237814624408346	NA
interaction	310391	1809696	2.01313015140701e-07	0.0173415840130312	NA
interaction	310391	4385756	-3.30241654643591e-08	0.00284478049996005	NA
interaction	310391	4310872	1.50588806133352e-07	0.0129720794810928	NA
interaction	310391	4407174	2.16090522998993e-07	0.0186145538398886	NA
interaction	310391	4459708	1.45265140315597e-07	0.0125134861905826	NA
interaction	310391	310391	1.07173060286337e-07	0.00923214342396197	NA
interaction	310391	177224	2.23646085735883e-07	0.0192654080624829	NA
interaction	310391	1073276	-4.12809482114284e-07	0.0355603948927863	NA
interaction	310391	586030	3.30241654643591e-08	0.00284478049996005	NA
interaction	310391	1106789	-4.0176799142631e-07	0.0346092545094346	NA
interaction	310391	851715	-7.00972351121019e-07	0.0603834327814384	NA
interaction	310391	328438	7.82780703933987e-08	0.00674305997134037	NA
interaction	310391	316489	-1.73652510115983e-07	0.0149588420358483	NA
interaction	310391	198583	-1.95479113533843e-06	0.168390377928161	NA
interaction	310391	3924208	-1.04200596969454e-07	0.00897608833333928	NA
interaction	310391	365868	2.00440612735374e-07	0.017266433185875	NA
interaction	177224	552961	1.06494747231219e-06	0.0917371191706588	NA
interaction	177224	682726	6.65304714423352e-07	0.0573109373548185	NA
interaction	177224	191922	-1.99894612072524e-08	0.00172193993845116	NA
interaction	177224	1111783	6.26876687540648e-07	0.0540006553237452	NA
interaction	177224	529021	8.2401912635401e-06	0.709829759294267	NA
interaction	177224	188634	-1.29289316300806e-06	0.111372905475127	NA
interaction	177224	181765	7.93732754376608e-07	0.0683740355003692	NA
interaction	177224	593352	-8.11568893329197e-07	0.06991048311603	NA
interaction	177224	302439	-8.52712137291715e-07	0.0734546604323649	NA
interaction	177224	574965	-3.14124505815298e-07	0.0270594352995043	NA
interaction	177224	319438	2.79567787687176e-08	0.00240826370521846	NA
interaction	177224	1809696	-7.58911715924277e-07	0.065374468068924	NA
interaction	177224	4385756	-2.48364455288263e-07	0.0213947074620183	NA
interaction	177224	4310872	7.4067467647117e-07	0.0638034859264928	NA
interaction	177224	4407174	-4.09675308281056e-07	0.0352904096719977	NA
interaction	177224	4459708	7.29029766109287e-07	0.0628003655310048	NA
interaction	177224	310391	6.34693342776882e-07	0.0546740006779207	NA
interaction	177224	177224	1.99894612072524e-08	0.00172193993845116	NA
interaction	177224	1073276	-1.50604064399531e-07	0.0129733938645898	NA
interaction	177224	586030	4.13674410784946e-07	0.0356349019145855	NA
interaction	177224	1106789	-9.80347951327105e-07	0.0844495143449118	NA
interaction	177224	851715	-1.54724768539302e-06	0.133283611625697	NA
interaction	177224	328438	5.58984520093577e-07	0.0481522618416482	NA
interaction	177224	316489	-4.05800192652032e-07	0.034956597954986	NA
interaction	177224	198583	1.83563405095396e-05	1.58125902041409	NA
interaction	177224	3924208	-1.6058736374146e-07	0.0138333791176262	NA
interaction	177224	365868	8.67864246402394e-07	0.074759899305936	NA
interaction	1073276	552961	-1.27542879470581e-07	0.0109868483071357	NA
interaction	1073276	682726	6.51559395550934e-08	0.00561268827528577	NA
interaction	1073276	191922	-2.10519011922451e-06	0.181346105667433	NA
interaction	1073276	1111783	3.40597130953383e-08	0.00293398504656907	NA
interaction	1073276	529021	9.33498505336151e-06	0.804137911550909	NA
interaction	1073276	188634	-3.08452554929325e-06	0.265708399012478	NA
interaction	1073276	181765	4.59065701890647e-07	0.0395450161594063	NA
interaction	1073276	593352	-2.99317739553224e-06	0.257839450838537	NA
interaction	1073276	302439	-1.8798925891215e-06	0.161938438242259	NA
interaction	1073276	574965	-1.55708070676721e-06	0.134130651575614	NA
interaction	1073276	319438	-2.14071128086918e-06	0.184405983383094	NA
interaction	1073276	1809696	1.91525172098747e-08	0.00164984358325732	NA
interaction	1073276	4385756	-1.31231047222064e-06	0.113045558874022	NA
interaction	1073276	4310872	1.27073165896593e-07	0.0109463860578386	NA
interaction	1073276	4407174	6.34971403016484e-07	0.0546979534511796	NA
interaction	1073276	4459708	1.14155811796883e-07	0.00983365431920944	NA
interaction	1073276	310391	4.26383100960885e-08	0.00367296588443727	NA
interaction	1073276	177224	2.23802844126134e-07	0.0192789116046776	NA
interaction	1073276	1073276	-3.31812458370244e-06	0.285831177848901	NA
interaction	1073276	586030	-1.37105435226099e-07	0.0118105897025826	NA
interaction	1073276	1106789	-3.67812833436776e-06	0.316842760894368	NA
interaction	1073276	851715	-2.5187441628092e-06	0.21697063886386	NA
interaction	1073276	328438	-1.91525172098747e-08	0.00164984358325732	NA
interaction	1073276	316489	4.82553735966187e-07	0.0415683315219885	NA
interaction	1073276	198583	1.18285737853931e-05	1.01894160151725	NA
interaction	1073276	3924208	4.03120028517836e-07	0.034725722214193	NA
interaction	1073276	365868	2.27588619476256e-07	0.0196050273366521	NA
interaction	586030	552961	4.20824066640261e-07	0.0362507903487861	NA
interaction	586030	682726	-1.18395875623325e-08	0.0010198903545721	NA
interaction	586030	191922	-3.2526501491986e-07	0.0280191053657922	NA
interaction	586030	1111783	-2.76122113735626e-08	0.00237858184671043	NA
interaction	586030	529021	-2.02299475291652e-07	0.0174265600468524	NA
interaction	586030	188634	-2.44291152839583e-07	0.0210438234589403	NA
interaction	586030	181765	1.94814483023842e-07	0.0167817849330407	NA
interaction	586030	593352	-3.05352294058899e-07	0.0263037760240849	NA
interaction	586030	302439	2.60452149340049e-08	0.00224359703022592	NA
interaction	586030	574965	-2.62069116928223e-07	0.0225752597528547	NA
interaction	586030	319438	-2.38178554990489e-07	0.02051726967868	NA
interaction	586030	1809696	6.09870185375351e-07	0.0525356746027463	NA
interaction	586030	4385756	1.49749545269424e-07	0.0128997835454799	NA
interaction	586030	4310872	1.99135253704123e-08	0.00171539864407314	NA
interaction	586030	4407174	1.72795866497233e-07	0.0148850487082117	NA
interaction	586030	4459708	1.26928722616275e-08	0.00109339433686314	NA
interaction	586030	310391	-2.00287688114361e-08	0.00172532598937205	NA
interaction	586030	177224	8.18846552939678e-07	0.0705373980994711	NA
interaction	586030	1073276	-3.3547609573194e-07	0.0288987122587831	NA
interaction	586030	586030	-9.50338034981868e-08	0.00818643884643956	NA
interaction	586030	1106789	1.18395875623325e-08	0.0010198903545721	NA
interaction	586030	851715	-9.32415162758032e-07	0.0803204694375645	NA
interaction	586030	328438	-5.47656115607643e-08	0.00471764060183717	NA
interaction	586030	316489	6.51833366386956e-08	0.00561504832551237	NA
interaction	586030	198583	3.5162418410391e-06	0.302897471650789	NA
interaction	586030	3924208	-6.38685666810036e-08	0.00550179090068471	NA
interaction	586030	365868	7.05397401566857e-08	0.00607646171972337	NA
interaction	1106789	552961	-1.99411057703753e-06	0.171777448560896	NA
interaction	1106789	682726	-1.68476522208844e-07	0.0145129700733259	NA
interaction	1106789	191922	-1.10897515252786e-06	0.0955297687160707	NA
interaction	1106789	1111783	-1.27561188583169e-07	0.0109884254978302	NA
interaction	1106789	529021	1.79633165970017e-06	0.154740300174762	NA
interaction	1106789	188634	3.71864381185846e-06	0.320332860907235	NA
interaction	1106789	181765	2.14355045242145e-07	0.018465055640271	NA
interaction	1106789	593352	9.50464645697455e-08	0.00818752950138791	NA
interaction	1106789	302439	2.44071506995389e-06	0.210249026412398	NA
interaction	1106789	574965	2.22611473410525e-08	0.00191762840853343	NA
interaction	1106789	319438	-9.0029456373795e-07	0.0775535243095193	NA
interaction	1106789	1809696	-6.44440209420388e-07	0.0555136190535336	NA
interaction	1106789	4385756	1.18542925168205e-06	0.102115707447834	NA
interaction	1106789	4310872	-2.49289135057276e-07	0.0214743615861606	NA
interaction	1106789	4407174	-4.39119314111709e-07	0.0378267866689623	NA
interaction	1106789	4459708	-2.34396953356343e-07	0.0201915134805697	NA
interaction	1106789	310391	-1.32481060984051e-07	0.0114122350588447	NA
interaction	1106789	177224	-1.41081775896734e-06	0.121531211864812	NA
interaction	1106789	1073276	-2.22611473410525e-08	0.00191762840853343	NA
interaction	1106789	586030	4.04065551546443e-08	0.00348071718265063	NA
interaction	1106789	1106789	2.65388409881197e-07	0.0228611915768236	NA
interaction	1106789	851715	1.50473360328249e-06	0.129621347036687	NA
interaction	1106789	328438	-5.68190228978732e-08	0.00489452635952598	NA
interaction	1106789	316489	2.38999378443822e-07	0.0205879773717017	NA
interaction	1106789	198583	3.28552153772077e-05	2.83022673587134	NA
interaction	1106789	3924208	4.51036631474644e-07	0.0388533728542362	NA
interaction	1106789	365868	-3.75274786080195e-07	0.0323270665149672	NA
interaction	851715	552961	-3.41115904492324e-07	0.0293845388575614	NA
interaction	851715	682726	7.93461584204467e-09	0.000683506762539801	NA
interaction	851715	191922	-1.22849395040113e-07	0.0105825403466796	NA
interaction	851715	1111783	8.50050705038893e-09	0.000732253983005795	NA
interaction	851715	529021	-4.93357388994947e-09	0.00042498984001238	NA
interaction	851715	188634	1.73465727428458e-07	0.0149427521289655	NA
interaction	851715	181765	2.027894550549e-08	0.00174687680741034	NA
interaction	851715	593352	-5.19158582956969e-08	0.00447215604820293	NA
interaction	851715	302439	1.18496021049882e-07	0.0102075303119882	NA
interaction	851715	574965	-1.89010052094804e-08	0.00162817773874113	NA
interaction	851715	319438	-7.44283692873221e-08	0.00641143752204455	NA
interaction	851715	1809696	-4.50697118011076e-08	0.00388241263534677	NA
interaction	851715	4385756	4.80998760144383e-08	0.00414343821902317	NA
interaction	851715	4310872	6.84674705230069e-09	0.000589795146332004	NA
interaction	851715	4407174	-5.33195905163685e-07	0.0459307689487328	NA
interaction	851715	4459708	6.60466203654122e-09	0.00056894136479108	NA
interaction	851715	310391	8.85431221163625e-09	0.000762731604751841	NA
interaction	851715	177224	-2.38138607824939e-07	0.0205138285344153	NA
interaction	851715	1073276	-3.88246087958346e-07	0.0334444454440997	NA
interaction	851715	586030	1.1950394551433e-08	0.0010294355333047	NA
interaction	851715	1106789	-1.82967110598168e-07	0.0157612239717442	NA
interaction	851715	851715	-8.43462905872058e-08	0.00726579095436663	NA
interaction	851715	328438	9.69434970882242e-09	0.00083509444140882	NA
interaction	851715	316489	-7.40383963030124e-08	0.00637784431762359	NA
interaction	851715	198583	1.68812275441943e-06	0.145418926588595	NA
interaction	851715	3924208	3.5150108161887e-08	0.0030279142822955	NA
interaction	851715	365868	4.93357388994947e-09	0.000424989840012379	NA
interaction	328438	552961	-2.43673300498174e-06	0.209906001823493	NA
interaction	328438	682726	1.19403779227178e-06	0.102857267697984	NA
interaction	328438	191922	-1.22023222640614e-06	0.105113718826578	NA
interaction	328438	1111783	1.18165527038393e-06	0.101790607683672	NA
interaction	328438	529021	-1.38207280193957e-05	1.19055052601589	NA
interaction	328438	188634	-5.18274502882724e-07	0.0446454037125773	NA
interaction	328438	181765	2.21955226559789e-06	0.191197534139946	NA
interaction	328438	593352	8.33543263597246e-08	0.00718034078624528	NA
interaction	328438	302439	-1.5330024348558e-07	0.0132056491715913	NA
interaction	328438	574965	9.0596364098981e-07	0.0780418721660689	NA
interaction	328438	319438	-6.06915617573037e-07	0.0522811610744967	NA
interaction	328438	1809696	-3.47136048032578e-06	0.29903128402807	NA
interaction	328438	4385756	-8.33543263597246e-08	0.00718034078624528	NA
interaction	328438	4310872	1.21783437966546e-06	0.104907162580452	NA
interaction	328438	4407174	-1.59712437323896e-06	0.137580108660266	NA
interaction	328438	4459708	1.21026623291242e-06	0.104255224340646	NA
interaction	328438	310391	1.19694041913274e-06	0.103107306909471	NA
interaction	328438	177224	-5.11677026308584e-06	0.440770813206818	NA
interaction	328438	1073276	-5.62543448417479e-06	0.484588364289006	NA
interaction	328438	586030	1.16388680225131e-06	0.100259989394092	NA
interaction	328438	1106789	-1.00284964407848e-06	0.086387863909696	NA
interaction	328438	851715	-1.97732157693597e-06	0.170331203987227	NA
interaction	328438	328438	1.16460609901088e-06	0.10032195133519	NA
interaction	328438	316489	2.02973647582544e-06	0.174846348584267	NA
interaction	328438	198583	3.54733201585273e-05	3.05575653576252	NA
interaction	328438	3924208	2.10234463397163e-06	0.181100988770564	NA
interaction	328438	365868	1.25565071056663e-06	0.108164751658479	NA
interaction	316489	552961	-4.05583821254926e-06	0.349379592059795	NA
interaction	316489	682726	2.40928708406519e-07	0.0207541744633978	NA
interaction	316489	191922	-1.26341968344186e-07	0.0108833989540177	NA
interaction	316489	1111783	2.1717177612083e-07	0.0187076955666597	NA
interaction	316489	529021	3.34234249143638e-06	0.287917366271912	NA
interaction	316489	188634	-3.97515397739775e-06	0.342429259308438	NA
interaction	316489	181765	2.44922270715184e-06	0.210981894603347	NA
interaction	316489	593352	-6.30961897031409e-07	0.0543525650278711	NA
interaction	316489	302439	-2.58657759241744e-06	0.222813972528209	NA
interaction	316489	574965	5.60513832585455e-08	0.00482840004728617	NA
interaction	316489	319438	-5.60513832585455e-08	0.00482840004728616	NA
interaction	316489	1809696	-9.48961006559578e-06	0.817457679467069	NA
interaction	316489	4385756	-1.19582662766591e-06	0.103011362251936	NA
interaction	316489	4310872	2.88385613760599e-07	0.0248422256538341	NA
interaction	316489	4407174	-7.45374745422169e-06	0.642083610932763	NA
interaction	316489	4459708	2.78484008550951e-07	0.0239892777285001	NA
interaction	316489	310391	2.28014146052301e-07	0.0196416832123942	NA
interaction	316489	177224	-7.98809499829426e-06	0.688113584808098	NA
interaction	316489	1073276	-2.20748404079056e-06	0.19015794842693	NA
interaction	316489	586030	7.61001436952345e-08	0.00655544816301272	NA
interaction	316489	1106789	-2.34326959964359e-06	0.201854840825866	NA
interaction	316489	851715	-1.20881132916473e-06	0.104129895456401	NA
interaction	316489	328438	1.78177911367259e-07	0.0153486709097381	NA
interaction	316489	316489	7.04149746908874e-06	0.606571412446454	NA
interaction	316489	198583	2.36612116907511e-07	0.020382332960365	NA
interaction	316489	3924208	4.30807765067146e-06	0.37110809979954	NA
interaction	316489	365868	3.65321867235528e-07	0.0314696983105366	NA
interaction	198583	552961	-6.70995760476125e-08	0.00578011776563569	NA
interaction	198583	682726	8.41665030209232e-09	0.00072503036239374	NA
interaction	198583	191922	-9.05577742211085e-07	0.0780086299234494	NA
interaction	198583	1111783	4.57519531552766e-09	0.000394118253530688	NA
interaction	198583	529021	8.92559418121909e-06	0.768872003887343	NA
interaction	198583	188634	-4.39262773076614e-07	0.0378391445668885	NA
interaction	198583	181765	6.43976022752531e-08	0.00554736329051331	NA
interaction	198583	593352	-1.47466873735183e-06	0.127031487667621	NA
interaction	198583	302439	-3.17546600996378e-07	0.0273542227529722	NA
interaction	198583	574965	-8.06723881929301e-07	0.0694931222604656	NA
interaction	198583	319438	-1.17111905172136e-06	0.100882992639563	NA
interaction	198583	1809696	1.39307528541656e-06	0.120002832810607	NA
interaction	198583	4385756	-7.11477348805003e-08	0.00612883583758724	NA
interaction	198583	4310872	9.52794146039032e-09	0.000820759637379237	NA
interaction	198583	4407174	1.18880577566546e-06	0.102406569289475	NA
interaction	198583	4459708	2.18280348809936e-08	0.00188031906662152	NA
interaction	198583	310391	1.66627327566335e-08	0.00143536760295349	NA
interaction	198583	177224	1.7220355507801e-06	0.14834025587669	NA
interaction	198583	1073276	-2.0141673452665e-06	0.173505186486978	NA
interaction	198583	586030	-2.0822785982844e-09	0.000179372452523489	NA
interaction	198583	1106789	-1.25246591524865e-06	0.107890405782072	NA
interaction	198583	851715	-2.82454159142345e-06	0.243312759841863	NA
interaction	198583	328438	2.0822785982844e-09	0.000179372452523489	NA
interaction	198583	316489	-6.83148439824061e-07	0.0588480384852426	NA
interaction	198583	198583	5.23887267594426e-05	4.51289006724004	NA
interaction	198583	3924208	3.66605212549563e-08	0.00315802487414937	NA
interaction	198583	365868	4.23219756052315e-08	0.00364571607574715	NA
interaction	3924208	552961	-3.46816025778506e-07	0.0298755609213844	NA
interaction	3924208	682726	9.34521499151495e-08	0.0080501914286033	NA
interaction	3924208	191922	-1.15667912137992e-09	9.96391025463986e-05	NA
interaction	3924208	1111783	8.37579112565572e-08	0.00721510655332657	NA
interaction	3924208	529021	9.55596110226503e-07	0.0823173316262571	NA
interaction	3924208	188634	-1.74671383575763e-06	0.150466102295196	NA
interaction	3924208	181765	5.5671421360426e-07	0.0479566922174374	NA
interaction	3924208	593352	-2.43989231185607e-07	0.0210178152064479	NA
interaction	3924208	302439	-8.5811973930025e-07	0.0739204841868524	NA
interaction	3924208	574965	-8.67034314270641e-09	0.000746884069695968	NA
interaction	3924208	319438	1.15667912137992e-09	9.96391025463986e-05	NA
interaction	3924208	1809696	-1.1894903733119e-06	0.10246554216608	NA
interaction	3924208	4385756	-4.43532885260194e-07	0.0382069822306622	NA
interaction	3924208	4310872	1.12055562466279e-07	0.00965273382487614	NA
interaction	3924208	4407174	-5.36534417024075e-08	0.0046218356335296	NA
interaction	3924208	4459708	1.08784160959843e-07	0.00937092748451331	NA
interaction	3924208	310391	8.77172466024869e-08	0.00755617315793341	NA
interaction	3924208	177224	-5.1474888711746e-07	0.0443416987487016	NA
interaction	3924208	1073276	-7.9698554269071e-07	0.068654238455882	NA
interaction	3924208	586030	3.35111806007938e-08	0.00288673314717562	NA
interaction	3924208	1106789	-8.78772431686931e-07	0.0756995564434008	NA
interaction	3924208	851715	-6.88323638966552e-07	0.059293842501694	NA
interaction	3924208	328438	6.70358769787518e-08	0.00577463057568214	NA
interaction	3924208	316489	1.31015261262251e-06	0.112859675693627	NA
interaction	3924208	198583	2.47277779091243e-07	0.0213010985785966	NA
interaction	3924208	3924208	7.4816458564867e-07	0.0644486845946505	NA
interaction	3924208	365868	1.43781478274616e-07	0.0123856799982574	NA
interaction	365868	552961	-4.8869309420795e-05	4.20971905063975	NA
interaction	365868	682726	7.62971516947811e-06	0.657241890269882	NA
interaction	365868	191922	6.76964039773557e-07	0.0583152994918344	NA
interaction	365868	1111783	7.22808033692059e-06	0.62264410638349	NA
interaction	365868	529021	7.0644369448108e-05	6.08547473682092	NA
interaction	365868	188634	-8.16886323506732e-05	7.03685392535962	NA
interaction	365868	181765	1.10006199153607e-05	0.94761967736821	NA
interaction	365868	593352	-8.95502303182422e-06	0.771407075376979	NA
interaction	365868	302439	-5.41652529093111e-05	4.66592427348725	NA
interaction	365868	574965	3.2735790229111e-06	0.281993916833608	NA
interaction	365868	319438	-6.76964039773557e-07	0.0583152994918344	NA
interaction	365868	1809696	-9.16325903448635e-05	7.89345022072474	NA
interaction	365868	4385756	-2.71399957010199e-05	2.33790406066691	NA
interaction	365868	4310872	8.39568186652167e-06	0.723224091265089	NA
interaction	365868	4407174	-6.29543431600492e-05	5.42303750272761	NA
interaction	365868	4459708	8.26854956032673e-06	0.712272610720679	NA
interaction	365868	310391	7.65072067911233e-06	0.65905135504693	NA
interaction	365868	177224	-7.19861246717248e-05	6.2010567369167	NA
interaction	365868	1073276	-7.86807676318558e-05	6.77774927340878	NA
interaction	365868	586030	6.25859759404883e-06	0.539130547049315	NA
interaction	365868	1106789	-3.57631904867076e-05	3.0807266582631	NA
interaction	365868	851715	-7.87341512677889e-05	6.78234786732885	NA
interaction	365868	328438	6.55407177772291e-06	0.5645833990484	NA
interaction	365868	316489	6.11391574150958e-05	5.26667306661122	NA
interaction	365868	198583	-3.1863129031345e-05	2.74476604818091	NA
interaction	365868	3924208	4.02919893401779e-05	3.47084820972207	NA
interaction	365868	365868	9.72713483173808e-06	0.83791863021262	NA
