parameter_type	source_taxon	target_taxon	value	significance	MCMC_std
growth_rate	NA	585220	0.0485995551793636	10000	NA
growth_rate	NA	682726	0.0536724868141399	10000	NA
growth_rate	NA	1106927	0.0535844556793307	10000	NA
growth_rate	NA	1111783	0.0484664087876603	10000	NA
growth_rate	NA	529021	0.0285961298804411	10000	NA
growth_rate	NA	4361727	0.0431179094945073	10000	NA
growth_rate	NA	147040	0.0258697860607383	10000	NA
growth_rate	NA	4297420	0.26942776691406	10000	NA
growth_rate	NA	194201	0.037484068596511	10000	NA
growth_rate	NA	528935	0.0536491009590025	10000	NA
growth_rate	NA	520734	0.113086722967208	10000	NA
growth_rate	NA	183809	0.0529291189278662	10000	NA
growth_rate	NA	294363	0.199019309108628	10000	NA
growth_rate	NA	191633	0.0532675587588799	10000	NA
growth_rate	NA	4385756	0.040768024138399	10000	NA
growth_rate	NA	152842	0.0259031528651207	10000	NA
growth_rate	NA	346253	0.110009466632135	10000	NA
growth_rate	NA	4407703	0.0529555123541533	10000	NA
growth_rate	NA	181707	0.0552080233385471	10000	NA
growth_rate	NA	2079328	0.0608888418831486	10000	NA
growth_rate	NA	1110862	0.179108228917478	10000	NA
growth_rate	NA	4414388	0.282034998061779	10000	NA
growth_rate	NA	328438	0.0326853128342779	10000	NA
growth_rate	NA	316489	0.0478679536669876	10000	NA
growth_rate	NA	198910	0.262996941950856	10000	NA
growth_rate	NA	4371419	0.0229684865857575	10000	NA
growth_rate	NA	192401	0.0556601544125234	10000	NA
interaction	585220	585220	7.72106103365685e-06	0.138067467246869	NA
interaction	585220	682726	-3.37410205404138e-07	0.00603354542598809	NA
interaction	585220	1106927	-1.93822957289936e-07	0.00346592841199769	NA
interaction	585220	1111783	-6.7440079691613e-08	0.00120595873460386	NA
interaction	585220	529021	6.17963033440018e-06	0.110503712517405	NA
interaction	585220	4361727	4.67404102740028e-05	0.835808710290001	NA
interaction	585220	147040	6.00289900418283e-06	0.107343415371726	NA
interaction	585220	4297420	-5.59603127091652e-05	1.00067835345654	NA
interaction	585220	194201	1.89319536526294e-05	0.338539856045622	NA
interaction	585220	528935	-1.72069742041478e-07	0.00307693895566023	NA
interaction	585220	520734	-2.35498796763663e-07	0.00421117282548465	NA
interaction	585220	183809	-4.27875538046061e-07	0.00765124010513507	NA
interaction	585220	294363	-6.35034805381286e-05	1.13556474700054	NA
interaction	585220	191633	-4.30792956351253e-07	0.00770340917290201	NA
interaction	585220	4385756	0.000116807857626417	2.08874984755483	NA
interaction	585220	152842	2.88715814647394e-05	0.516279577492248	NA
interaction	585220	346253	5.05540892423128e-05	0.90400464783692	NA
interaction	585220	4407703	-1.52758609208903e-07	0.00273161864434043	NA
interaction	585220	181707	6.7440079691613e-08	0.00120595873460386	NA
interaction	585220	2079328	-2.87842924212537e-07	0.00514718680991115	NA
interaction	585220	1110862	-7.19769677174535e-05	1.28708704536063	NA
interaction	585220	4414388	-8.8566009326759e-05	1.58373111397576	NA
interaction	585220	328438	1.25181121126813e-05	0.223847995317774	NA
interaction	585220	316489	1.42484157526397e-05	0.254789162612749	NA
interaction	585220	198910	-7.11052040291577e-05	1.2714982287516	NA
interaction	585220	4371419	7.41461782030077e-06	0.132587671382203	NA
interaction	585220	192401	1.33197693787188e-05	0.238183173843027	NA
interaction	682726	585220	2.38168675052113e-06	0.0425891540018219	NA
interaction	682726	682726	-4.58631468796696e-09	8.20121548326638e-05	NA
interaction	682726	1106927	-2.05231269789527e-09	3.66993104913698e-05	NA
interaction	682726	1111783	1.78049008202058e-10	3.18385977019434e-06	NA
interaction	682726	529021	2.11703141017035e-06	0.0378566059263298	NA
interaction	682726	4361727	5.13691318199499e-07	0.00918579181557374	NA
interaction	682726	147040	1.07441760944124e-05	0.192126596920228	NA
interaction	682726	4297420	-8.17310329016716e-06	0.146150854902125	NA
interaction	682726	194201	4.02446656825616e-06	0.0719652264988845	NA
interaction	682726	528935	-2.35043921052287e-09	4.2030387701899e-05	NA
interaction	682726	520734	-2.78783950951532e-09	4.9851948908534e-05	NA
interaction	682726	183809	-9.90885180045916e-09	0.000177189386983258	NA
interaction	682726	294363	-7.76925880218791e-06	0.138929336334424	NA
interaction	682726	191633	-9.50734282752982e-09	0.000170009631930474	NA
interaction	682726	4385756	9.34788599970061e-06	0.167158236214571	NA
interaction	682726	152842	9.0675657179537e-06	0.162145568765108	NA
interaction	682726	346253	1.98278019178176e-05	0.354559351354994	NA
interaction	682726	4407703	-5.53754651701295e-09	9.90220151133283e-05	NA
interaction	682726	181707	-1.78049008202058e-10	3.18385977019434e-06	NA
interaction	682726	2079328	-3.71162251241442e-09	6.63709712216601e-05	NA
interaction	682726	1110862	-3.94253387410652e-06	0.0705001118576919	NA
interaction	682726	4414388	-1.16378984594396e-05	0.208108077033299	NA
interaction	682726	328438	1.5277298783172e-06	0.0273187576185657	NA
interaction	682726	316489	4.71221014359006e-06	0.084263408464775	NA
interaction	682726	198910	-1.2302470750709e-05	0.219991911736592	NA
interaction	682726	4371419	3.44439962631929e-06	0.0615925104747854	NA
interaction	682726	192401	3.62377805240158e-06	0.0648001428014763	NA
interaction	1106927	585220	3.98927271989794e-05	0.713358925920149	NA
interaction	1106927	682726	-3.25873615002575e-10	5.82724893247962e-06	NA
interaction	1106927	1106927	-2.7073309835908e-08	0.000484123011428029	NA
interaction	1106927	1111783	-4.42076502119506e-08	0.000790518074017702	NA
interaction	1106927	529021	2.52732614889167e-06	0.0451934674215352	NA
interaction	1106927	4361727	2.25457840013255e-05	0.403162114713099	NA
interaction	1106927	147040	3.60257454333254e-05	0.644209831521551	NA
interaction	1106927	4297420	-5.13328895565642e-05	0.917931099967143	NA
interaction	1106927	194201	8.14355620413396e-06	0.145622495999722	NA
interaction	1106927	528935	-1.30088801482639e-08	0.000232623874615092	NA
interaction	1106927	520734	-1.68912109982082e-08	0.000302047440253237	NA
interaction	1106927	183809	-7.53479866079005e-08	0.0013473673667072	NA
interaction	1106927	294363	-0.000122131223607232	2.18394190147014	NA
interaction	1106927	191633	8.38357910598773e-09	0.000149914568552411	NA
interaction	1106927	4385756	0.000152690163405587	2.73039470132712	NA
interaction	1106927	152842	0.000150837093171146	2.69725823047362	NA
interaction	1106927	346253	0.000153058857387474	2.73698766103128	NA
interaction	1106927	4407703	-9.92813006826222e-08	0.00177534119604444	NA
interaction	1106927	181707	-8.43135366094701e-08	0.00150768869764812	NA
interaction	1106927	2079328	-8.38357910598773e-09	0.000149914568552411	NA
interaction	1106927	1110862	-4.1690920718111e-05	0.745514095232242	NA
interaction	1106927	4414388	-0.000100401377065973	1.7953703227018	NA
interaction	1106927	328438	1.82242245016568e-05	0.32588429342986	NA
interaction	1106927	316489	8.24370045868105e-06	0.147413268475729	NA
interaction	1106927	198910	-0.000149984306919941	2.68200876705227	NA
interaction	1106927	4371419	1.89324112632014e-06	0.0338548039005502	NA
interaction	1106927	192401	8.68221238837005e-06	0.155254707783847	NA
interaction	1111783	585220	8.86867306797706e-07	0.0158588984467097	NA
interaction	1111783	682726	-4.33965644734759e-09	7.76014296215258e-05	NA
interaction	1111783	1106927	6.92647891330506e-10	1.238588059763e-05	NA
interaction	1111783	1111783	5.12199882951062e-09	9.15912207595934e-05	NA
interaction	1111783	529021	-2.7169644992785e-08	0.000485845669888939	NA
interaction	1111783	4361727	7.91548154310123e-07	0.0141544081044224	NA
interaction	1111783	147040	2.69474970616797e-07	0.00481873236298772	NA
interaction	1111783	4297420	-1.74276325220547e-06	0.0311639691998346	NA
interaction	1111783	194201	-4.33965644734759e-09	7.76014296215258e-05	NA
interaction	1111783	528935	2.71633632529298e-09	4.85733340261194e-05	NA
interaction	1111783	520734	-7.67944047537743e-10	1.37323211367788e-05	NA
interaction	1111783	183809	-1.18443441381208e-09	2.11799724056335e-05	NA
interaction	1111783	294363	-2.35502607372652e-06	0.0421124096652504	NA
interaction	1111783	191633	-6.92647891330506e-10	1.238588059763e-05	NA
interaction	1111783	4385756	4.8759425632799e-06	0.087191260011892	NA
interaction	1111783	152842	7.76637648159834e-07	0.0138877794881525	NA
interaction	1111783	346253	2.32804525573027e-06	0.0416299405863566	NA
interaction	1111783	4407703	7.88871153800994e-09	0.000141065381706785	NA
interaction	1111783	181707	1.10773319457043e-08	0.000198084066286918	NA
interaction	1111783	2079328	-2.60245017254833e-09	4.65368298985907e-05	NA
interaction	1111783	1110862	-2.22567643463624e-06	0.0397993885687143	NA
interaction	1111783	4414388	-4.19914569147032e-06	0.0750888262240975	NA
interaction	1111783	328438	9.30813275151803e-08	0.00166447371442556	NA
interaction	1111783	316489	-4.01402948512724e-08	0.000717785913166507	NA
interaction	1111783	198910	-3.75417330117328e-06	0.0671318614163734	NA
interaction	1111783	4371419	1.27343375445303e-07	0.00227714523195174	NA
interaction	1111783	192401	-1.17435780361981e-08	0.000209997831749544	NA
interaction	529021	585220	1.81531566296762e-05	0.324613462770161	NA
interaction	529021	682726	-3.8261946627281e-07	0.00684197423091936	NA
interaction	529021	1106927	-2.78282997165338e-07	0.00497623687068414	NA
interaction	529021	1111783	-1.82762713598565e-07	0.00326814991666601	NA
interaction	529021	529021	5.6092353349525e-06	0.100303949484743	NA
interaction	529021	4361727	9.67164772950204e-06	0.17294772056527	NA
interaction	529021	147040	1.69774291840738e-05	0.303589187754156	NA
interaction	529021	4297420	-4.8968347090326e-05	0.87564851884415	NA
interaction	529021	194201	8.09205785734919e-06	0.144701606205304	NA
interaction	529021	528935	-2.31891113793605e-07	0.00414666049380713	NA
interaction	529021	520734	-3.0717449555645e-07	0.00549287260124494	NA
interaction	529021	183809	-2.60595759523553e-07	0.00465995493829821	NA
interaction	529021	294363	-3.42460879516472e-05	0.612386122320036	NA
interaction	529021	191633	-2.37365502273234e-07	0.0042445531213635	NA
interaction	529021	4385756	5.48323313505963e-05	0.980507870591505	NA
interaction	529021	152842	1.26160438028774e-05	0.225599202874564	NA
interaction	529021	346253	5.37077857054703e-05	0.960398824911225	NA
interaction	529021	4407703	-2.31964339096822e-08	0.00041479699034996	NA
interaction	529021	181707	2.31964339096822e-08	0.00041479699034996	NA
interaction	529021	2079328	-3.4592414762595e-07	0.0061857911385563	NA
interaction	529021	1110862	-4.50343087930353e-05	0.805300324290135	NA
interaction	529021	4414388	-7.3811900010041e-05	1.3198991748209	NA
interaction	529021	328438	8.1978034558692e-06	0.146592541518018	NA
interaction	529021	316489	9.09121092590168e-06	0.162568390701067	NA
interaction	529021	198910	-6.30798184944288e-05	1.12798885230326	NA
interaction	529021	4371419	1.12747292719064e-05	0.201613911310967	NA
interaction	529021	192401	9.42532270830179e-06	0.168542953960214	NA
interaction	4361727	585220	1.22102399644777e-05	0.218342647341241	NA
interaction	4361727	682726	-2.79439136261217e-08	0.0004996910868216	NA
interaction	4361727	1106927	-2.56371940334487e-08	0.00045844249023354	NA
interaction	4361727	1111783	-2.3606817840665e-08	0.000422135446774875	NA
interaction	4361727	529021	9.70362849595257e-06	0.173519598368747	NA
interaction	4361727	4361727	1.10443160023799e-05	0.197493677523807	NA
interaction	4361727	147040	2.0686655393397e-05	0.369917308453445	NA
interaction	4361727	4297420	-3.58068098749975e-05	0.640294841354158	NA
interaction	4361727	194201	1.74880006868986e-05	0.312719191251883	NA
interaction	4361727	528935	-2.15023406818126e-08	0.000384503335082576	NA
interaction	4361727	520734	-2.63064398770702e-08	0.000470409897069406	NA
interaction	4361727	183809	-2.43014783337e-08	0.000434557316573823	NA
interaction	4361727	294363	-3.59362942276196e-05	0.642610271388541	NA
interaction	4361727	191633	-1.16334254688588e-08	0.000208028091332135	NA
interaction	4361727	4385756	5.16853144925787e-05	0.924233137743823	NA
interaction	4361727	152842	1.49575360538902e-05	0.267469601679377	NA
interaction	4361727	346253	5.00645889779309e-05	0.895251438734533	NA
interaction	4361727	4407703	7.89080720416256e-10	1.41102856260687e-05	NA
interaction	4361727	181707	-7.89080720416252e-10	1.41102856260686e-05	NA
interaction	4361727	2079328	-2.71474261309823e-08	0.000485448353773858	NA
interaction	4361727	1110862	-3.17987698832494e-05	0.56862335373444	NA
interaction	4361727	4414388	-4.27726995311301e-05	0.764858387445942	NA
interaction	4361727	328438	3.59443290327712e-06	0.0642753949205912	NA
interaction	4361727	316489	2.11203703323093e-05	0.377672968311813	NA
interaction	4361727	198910	-4.94232616016403e-05	0.883783267956639	NA
interaction	4361727	4371419	1.02894254698811e-05	0.183994778419601	NA
interaction	4361727	192401	1.77218532044185e-05	0.316900925428381	NA
interaction	147040	585220	4.89747460959098e-07	0.00875762945409359	NA
interaction	147040	682726	-2.15728023304202e-08	0.000385763325298802	NA
interaction	147040	1106927	-2.25676630510312e-08	0.0004035533543323	NA
interaction	147040	1111783	-2.34432756421364e-08	0.000419210996749108	NA
interaction	147040	529021	6.8815208910298e-06	0.123054869802125	NA
interaction	147040	4361727	2.19062883232598e-06	0.0391726698233294	NA
interaction	147040	147040	1.5976588220445e-06	0.0285692220438033	NA
interaction	147040	4297420	-6.19000881197292e-06	0.110689299719229	NA
interaction	147040	194201	1.35267761775972e-06	0.0241884854777737	NA
interaction	147040	528935	-2.09770951157105e-08	0.00037511093102331	NA
interaction	147040	520734	-2.22788154593036e-08	0.000398388202128949	NA
interaction	147040	183809	-9.90950471602028e-09	0.000177201062373137	NA
interaction	147040	294363	-6.33421151224595e-06	0.113267922205189	NA
interaction	147040	191633	6.14628276037657e-09	0.000109907393557589	NA
interaction	147040	4385756	8.208115588788e-06	0.146776942349433	NA
interaction	147040	152842	1.27221407613869e-06	0.0227496421181756	NA
interaction	147040	346253	2.29333015479438e-06	0.0410091676070284	NA
interaction	147040	4407703	-6.14628276037656e-09	0.000109907393557589	NA
interaction	147040	181707	-1.04995753161694e-08	0.000187752663105768	NA
interaction	147040	2079328	-2.19161389813882e-08	0.000391902847005151	NA
interaction	147040	1110862	-4.41143171406551e-06	0.0788849098638803	NA
interaction	147040	4414388	-5.7069063059201e-06	0.102050494878732	NA
interaction	147040	328438	1.66883320528055e-06	0.0298419573302391	NA
interaction	147040	316489	9.95001957185858e-06	0.177925546159379	NA
interaction	147040	198910	-5.80483548940672e-06	0.103801657610721	NA
interaction	147040	4371419	2.60415964041203e-06	0.0465673984820083	NA
interaction	147040	192401	9.53182573727709e-06	0.170447433590752	NA
interaction	4297420	585220	1.81610559107038e-06	0.0324754717154732	NA
interaction	4297420	682726	-6.05360101933038e-08	0.00108250065220137	NA
interaction	4297420	1106927	-3.49078158810233e-08	0.000624219094345152	NA
interaction	4297420	1111783	-1.2350345823558e-08	0.000220848010402787	NA
interaction	4297420	529021	6.00485207889224e-07	0.0107378340115527	NA
interaction	4297420	4361727	-3.05140645765754e-06	0.0545650344315412	NA
interaction	4297420	147040	1.63395835487576e-06	0.0292183277222081	NA
interaction	4297420	4297420	2.40092910206969e-06	0.0429332443710863	NA
interaction	4297420	194201	6.24010688644777e-06	0.111585149943251	NA
interaction	4297420	528935	-2.93175574577243e-08	0.000524254488652246	NA
interaction	4297420	520734	-4.23463086484181e-08	0.000757233695842472	NA
interaction	4297420	183809	-5.51441634973357e-08	0.000986084030981741	NA
interaction	4297420	294363	8.61987971334459e-07	0.0154140079298206	NA
interaction	4297420	191633	-5.77279044848166e-08	0.00103228630455637	NA
interaction	4297420	4385756	-7.13024594531998e-07	0.0127502553629126	NA
interaction	4297420	152842	4.02709304261379e-06	0.0720121929275614	NA
interaction	4297420	346253	5.56085481692374e-06	0.0994388124835972	NA
interaction	4297420	4407703	-2.1847802312819e-08	0.000390680855531659	NA
interaction	4297420	181707	1.2350345823558e-08	0.000220848010402787	NA
interaction	4297420	2079328	-5.16890159102515e-08	0.000924299326232825	NA
interaction	4297420	1110862	1.82311639937063e-06	0.0326008384935817	NA
interaction	4297420	4414388	9.04237957566555e-07	0.0161695191950279	NA
interaction	4297420	328438	-4.92614561431642e-08	0.000880889874193641	NA
interaction	4297420	316489	6.22912136893156e-07	0.0111388707696097	NA
interaction	4297420	198910	-4.47229242991383e-07	0.00799732168796363	NA
interaction	4297420	4371419	-2.96769073455738e-07	0.00530680357927796	NA
interaction	4297420	192401	9.36774040233959e-07	0.016751327123814	NA
interaction	194201	585220	3.55686323586134e-05	0.636035767853903	NA
interaction	194201	682726	-4.48087579291579e-07	0.00801267039696846	NA
interaction	194201	1106927	-3.78392038775281e-07	0.00676637967143987	NA
interaction	194201	1111783	-3.17046820185586e-07	0.00566940881193439	NA
interaction	194201	529021	0.000103319940611674	1.8475598695785	NA
interaction	194201	4361727	4.16259722403424e-05	0.744352691146979	NA
interaction	194201	147040	0.000409571741756485	7.32393291462225	NA
interaction	194201	4297420	-0.000287375116761195	5.13882151015707	NA
interaction	194201	194201	0.000501551442139405	8.96870741059341	NA
interaction	194201	528935	-2.82864462100344e-07	0.00505816230257741	NA
interaction	194201	520734	-3.98619806927851e-07	0.00712809119071269	NA
interaction	194201	183809	-2.50131938382625e-07	0.004472841628825	NA
interaction	194201	294363	-0.000279056422549112	4.99006720868778	NA
interaction	194201	191633	-4.03462455871057e-08	0.000721468709656547	NA
interaction	194201	4385756	0.000271358771635049	4.85241835954355	NA
interaction	194201	152842	0.000501289060135316	8.96401551415615	NA
interaction	194201	346253	0.000631761973308754	11.2971229183914	NA
interaction	194201	4407703	4.03462455871056e-08	0.000721468709656546	NA
interaction	194201	181707	-4.47900202633246e-08	0.000800931974081843	NA
interaction	194201	2079328	-4.24026585498735e-07	0.00758241340794331	NA
interaction	194201	1110862	-0.000150899600548386	2.69837598297192	NA
interaction	194201	4414388	-0.000244366062696767	4.36973664766547	NA
interaction	194201	328438	0.000145293846625231	2.59813428784667	NA
interaction	194201	316489	0.0003427852608145	6.12966178662626	NA
interaction	194201	198910	-0.000317449392851026	5.67660758786141	NA
interaction	194201	4371419	6.66931167734577e-05	1.19260159653858	NA
interaction	194201	192401	0.000272978917717661	4.88138969719015	NA
interaction	528935	585220	1.10918944735826e-05	0.198344472380343	NA
interaction	528935	682726	1.760693530187e-08	0.000314845971623843	NA
interaction	528935	1106927	-1.57683498284035e-08	0.000281968516241499	NA
interaction	528935	1111783	-4.51453523155793e-08	0.000807285996705493	NA
interaction	528935	529021	9.70621865820019e-06	0.173565915466841	NA
interaction	528935	4361727	1.51721405254996e-05	0.271307143660433	NA
interaction	528935	147040	8.76500367087153e-06	0.156735175641214	NA
interaction	528935	4297420	-4.32936525034314e-05	0.774174031646504	NA
interaction	528935	194201	7.40954611785353e-06	0.132496979557794	NA
interaction	528935	528935	-7.31057273114722e-08	0.00130727144457693	NA
interaction	528935	520734	-6.08287999831723e-09	0.000108773629851302	NA
interaction	528935	183809	-3.31518655893605e-07	0.00592819315438539	NA
interaction	528935	294363	-8.98316430136012e-05	1.60636308603801	NA
interaction	528935	191633	-3.31187166919742e-07	0.00592226549200299	NA
interaction	528935	4385756	0.000257566512715753	4.60578616115794	NA
interaction	528935	152842	4.97326113418968e-05	0.889315038129742	NA
interaction	528935	346253	0.000123950786536907	2.21647919706997	NA
interaction	528935	4407703	-4.04161566863908e-07	0.00722718854988731	NA
interaction	528935	181707	-2.62502535304664e-07	0.00469405176793835	NA
interaction	528935	2079328	6.08287999831723e-09	0.000108773629851302	NA
interaction	528935	1110862	-5.71367250140543e-05	1.02171487507787	NA
interaction	528935	4414388	-0.000107486374989956	1.92206375441404	NA
interaction	528935	328438	1.38659563570989e-05	0.247950050755336	NA
interaction	528935	316489	7.86990441951933e-06	0.140729074144276	NA
interaction	528935	198910	-0.000123132820879468	2.20185239304328	NA
interaction	528935	4371419	8.7656593885221e-08	0.00156746901137859	NA
interaction	528935	192401	6.08401443425702e-06	0.108793915754532	NA
interaction	520734	585220	2.52926742924336e-07	0.00452281812594657	NA
interaction	520734	682726	-1.15058180953595e-08	0.000205746225305656	NA
interaction	520734	1106927	2.56572658100407e-09	4.58801412322761e-05	NA
interaction	520734	1111783	1.49512094757535e-08	0.000267356470256652	NA
interaction	520734	529021	-2.77835033080832e-07	0.00496822640861219	NA
interaction	520734	4361727	3.59604398566923e-06	0.0643042041819655	NA
interaction	520734	147040	2.83377752508075e-07	0.00506734092534035	NA
interaction	520734	4297420	-3.97480124079562e-06	0.0710771146263618	NA
interaction	520734	194201	-1.15058180953595e-08	0.000205746225305656	NA
interaction	520734	528935	5.62157903921624e-09	0.000100524678731243	NA
interaction	520734	520734	-1.51856120324527e-09	2.71548040194848e-05	NA
interaction	520734	183809	-2.21547659463507e-08	0.000396169957513093	NA
interaction	520734	294363	-5.78786408932272e-06	0.103498176234908	NA
interaction	520734	191633	-3.85829329714073e-08	0.000689937278192311	NA
interaction	520734	4385756	6.58150710884524e-06	0.117690044570876	NA
interaction	520734	152842	4.49883050136638e-06	0.0804477687961537	NA
interaction	520734	346253	3.60262838372166e-06	0.064421945922185	NA
interaction	520734	4407703	1.51856120324527e-09	2.71548040194848e-05	NA
interaction	520734	181707	3.44458879898132e-08	0.000615958932469465	NA
interaction	520734	2079328	-6.6482448215846e-09	0.000118883443629322	NA
interaction	520734	1110862	-4.37231039746081e-06	0.0781853452476405	NA
interaction	520734	4414388	-6.28610120151977e-06	0.112407617031914	NA
interaction	520734	328438	1.73711002424274e-06	0.0310628785772919	NA
interaction	520734	316489	-8.68902218740334e-08	0.00155376480128462	NA
interaction	520734	198910	-5.70752832547347e-06	0.102061617788386	NA
interaction	520734	4371419	1.66559562216477e-07	0.00297840630979765	NA
interaction	520734	192401	-8.96144585753043e-08	0.00160247940927514	NA
interaction	183809	585220	7.51566236968273e-05	1.34394542866764	NA
interaction	183809	682726	-4.07379144304962e-07	0.00728472504208968	NA
interaction	183809	1106927	-2.21203258957741e-07	0.00395554102964832	NA
interaction	183809	1111783	-5.73353148369818e-08	0.00102526604424401	NA
interaction	183809	529021	2.04851771822322e-05	0.366314489333157	NA
interaction	183809	4361727	3.8048633478815e-05	0.680382972459985	NA
interaction	183809	147040	2.5790171852402e-05	0.461178028771025	NA
interaction	183809	4297420	-5.36688844502232e-05	0.959703195416614	NA
interaction	183809	194201	1.94944520529338e-05	0.348598412650979	NA
interaction	183809	528935	-1.65898005163751e-07	0.00296657639337671	NA
interaction	183809	520734	-2.75241902824262e-07	0.00492185623679188	NA
interaction	183809	183809	-7.05282416043087e-07	0.0126118102748246	NA
interaction	183809	294363	-5.813622230895e-05	1.03958781500475	NA
interaction	183809	191633	-6.81368685772456e-07	0.0121841866416869	NA
interaction	183809	4385756	0.000220109937246968	3.93599032815348	NA
interaction	183809	152842	0.000108998519373367	1.94910381331515	NA
interaction	183809	346253	0.000172836114949627	3.09064318179359	NA
interaction	183809	4407703	-3.7723102714508e-07	0.00674561854359393	NA
interaction	183809	181707	5.73353148369817e-08	0.00102526604424401	NA
interaction	183809	2079328	-3.43112731983003e-07	0.00613551760289744	NA
interaction	183809	1110862	-3.10100631203238e-05	0.554519755189768	NA
interaction	183809	4414388	-0.000103344318299341	1.84799578966499	NA
interaction	183809	328438	5.63292957706709e-05	1.007276482462	NA
interaction	183809	316489	1.72630627816849e-05	0.308696867542059	NA
interaction	183809	198910	-0.00010304735232699	1.84268546515359	NA
interaction	183809	4371419	8.47904434683477e-06	0.151621671236408	NA
interaction	183809	192401	1.80657739935329e-05	0.323050892651744	NA
interaction	294363	585220	1.40693001166262e-06	0.0251586229479479	NA
interaction	294363	682726	-2.84953593317786e-08	0.000509551999923092	NA
interaction	294363	1106927	2.552660767709e-08	0.000456464992831572	NA
interaction	294363	1111783	7.30757059461751e-08	0.00130673460464628	NA
interaction	294363	529021	-8.13758230244558e-07	0.01455156711123	NA
interaction	294363	4361727	2.62497612554626e-06	0.0469396373967038	NA
interaction	294363	147040	6.64113534151818e-07	0.011875631240967	NA
interaction	294363	4297420	-2.14511312251702e-06	0.0383587611201248	NA
interaction	294363	194201	-2.84953593317786e-08	0.000509551999923092	NA
interaction	294363	528935	4.39077932199573e-08	0.000785156052497562	NA
interaction	294363	520734	9.84677992539923e-09	0.000176079422104152	NA
interaction	294363	183809	-3.68780193444342e-08	0.00065945013331355	NA
interaction	294363	294363	-1.85451831843958e-06	0.0331623653891265	NA
interaction	294363	191633	-4.98790361302338e-08	0.00089193339583728	NA
interaction	294363	4385756	3.76887981255515e-06	0.0673948422126241	NA
interaction	294363	152842	4.02014021185306e-06	0.0718878628997135	NA
interaction	294363	346253	3.9141440634401e-06	0.0699924472715367	NA
interaction	294363	4407703	4.20294747170637e-08	0.000751568093893559	NA
interaction	294363	181707	1.22486555929834e-07	0.00219029592892812	NA
interaction	294363	2079328	-9.84677992539923e-09	0.000176079422104152	NA
interaction	294363	1110862	-2.68562572133477e-06	0.048024169178484	NA
interaction	294363	4414388	-4.85449634447201e-06	0.0868077602441892	NA
interaction	294363	328438	1.85558450179812e-06	0.0331814308045264	NA
interaction	294363	316489	-1.89191775910876e-07	0.00338311395416859	NA
interaction	294363	198910	-4.71527016034874e-06	0.0843181274680003	NA
interaction	294363	4371419	-6.9419431139411e-07	0.0124135335718198	NA
interaction	294363	192401	-6.11956510487201e-07	0.0109429630331756	NA
interaction	191633	585220	1.76271886069137e-05	0.315208139791995	NA
interaction	191633	682726	-7.41187061111705e-06	0.132538545981907	NA
interaction	191633	1106927	-7.13705368133389e-06	0.127624289082975	NA
interaction	191633	1111783	-6.89516555160475e-06	0.123298862657357	NA
interaction	191633	529021	9.87898942560259e-05	1.76655390108417	NA
interaction	191633	4361727	1.30665209176038e-05	0.233654602775152	NA
interaction	191633	147040	1.89051246531772e-05	0.338060101775194	NA
interaction	191633	4297420	-8.14619939736122e-06	0.145669761394043	NA
interaction	191633	194201	1.45719667867632e-05	0.260574879318238	NA
interaction	191633	528935	-7.15032199698234e-06	0.127861552164853	NA
interaction	191633	520734	-7.21683272424225e-06	0.129050892285011	NA
interaction	191633	183809	-7.76621045624979e-06	0.138874826027986	NA
interaction	191633	294363	-1.92997851248851e-06	0.0345117392413571	NA
interaction	191633	191633	-7.73673166995324e-06	0.138347688456643	NA
interaction	191633	4385756	0.000133386048099644	2.38519987692217	NA
interaction	191633	152842	-3.27381263738573e-06	0.0585420860053169	NA
interaction	191633	346253	1.21139327618339e-05	0.216620488755951	NA
interaction	191633	4407703	-7.34559924673848e-06	0.13135348613186	NA
interaction	191633	181707	-6.83327289502632e-06	0.122192102550461	NA
interaction	191633	2079328	-7.31701233173489e-06	0.13084229693989	NA
interaction	191633	1110862	5.09641589552734e-05	0.91133748543739	NA
interaction	191633	4414388	1.25430176415306e-05	0.224293354222939	NA
interaction	191633	328438	1.62407331976445e-06	0.0290415642235756	NA
interaction	191633	316489	7.93701689970726e-05	1.41929174767728	NA
interaction	191633	198910	-1.62407331976445e-06	0.0290415642235756	NA
interaction	191633	4371419	4.73586065510937e-05	0.846863252388206	NA
interaction	191633	192401	9.58481650966383e-05	1.71395010834216	NA
interaction	4385756	585220	4.45858914918503e-07	0.00797281757829592	NA
interaction	4385756	682726	-5.55921671241029e-09	9.94095200145606e-05	NA
interaction	4385756	1106927	4.65585292386069e-09	8.32556326480588e-05	NA
interaction	4385756	1111783	1.364697901891e-08	0.000244034313483423	NA
interaction	4385756	529021	-1.95048451729914e-07	0.00348784261688681	NA
interaction	4385756	4361727	4.86891644325446e-07	0.00870656194305968	NA
interaction	4385756	147040	6.11305093578066e-07	0.0109313144420851	NA
interaction	4385756	4297420	-1.76488579414542e-06	0.0315595629299447	NA
interaction	4385756	194201	-5.55921671241029e-09	9.94095200145606e-05	NA
interaction	4385756	528935	1.11262667953336e-08	0.000198959115806533	NA
interaction	4385756	520734	1.69099148366702e-09	3.02381900969581e-05	NA
interaction	4385756	183809	-1.69099148366702e-09	3.02381900969581e-05	NA
interaction	4385756	294363	-3.26615208782066e-06	0.0584051005998709	NA
interaction	4385756	191633	-3.9297347581178e-09	7.02712389709399e-05	NA
interaction	4385756	4385756	4.45039123348494e-07	0.00795815812342979	NA
interaction	4385756	152842	2.85483632116302e-06	0.0510499811553316	NA
interaction	4385756	346253	1.94227169147023e-06	0.034731564998338	NA
interaction	4385756	4407703	2.17115824094905e-08	0.000388244980855989	NA
interaction	4385756	181707	3.43281998841599e-08	0.000613854442088958	NA
interaction	4385756	2079328	-2.03282077197081e-09	3.63507572507694e-05	NA
interaction	4385756	1110862	-3.392038427859e-06	0.0606561912277403	NA
interaction	4385756	4414388	-4.73545811556004e-06	0.0846791270550736	NA
interaction	4385756	328438	5.13519900758395e-07	0.00918272654101729	NA
interaction	4385756	316489	-1.17855924790912e-07	0.00210749131045424	NA
interaction	4385756	198910	-4.4941551890037e-06	0.0803641651911973	NA
interaction	4385756	4371419	-2.76435436995189e-08	0.000494319893041056	NA
interaction	4385756	192401	-2.02601021062538e-07	0.00362289712745423	NA
interaction	152842	585220	8.51260123361162e-07	0.0152221733112072	NA
interaction	152842	682726	-5.26512579669487e-08	0.000941506070625529	NA
interaction	152842	1106927	-1.2006042234971e-08	0.000214691197986332	NA
interaction	152842	1111783	2.37691787649239e-08	0.000425038773337712	NA
interaction	152842	529021	-7.65394188305123e-07	0.013686724734348	NA
interaction	152842	4361727	9.05947439642836e-06	0.16200088032594	NA
interaction	152842	147040	3.34483648322604e-06	0.0598121293926905	NA
interaction	152842	4297420	-1.46789821116503e-05	0.262488519788035	NA
interaction	152842	194201	-9.92189619262334e-07	0.0177422645881229	NA
interaction	152842	528935	1.2006042234971e-08	0.000214691197986332	NA
interaction	152842	520734	-2.38030571851386e-08	0.000425644584851566	NA
interaction	152842	183809	-1.94583020109037e-08	0.000347951980156506	NA
interaction	152842	294363	-1.69264423236746e-05	0.302677444323105	NA
interaction	152842	191633	-3.16914681474359e-08	0.000566704591684719	NA
interaction	152842	4385756	7.38723977913411e-06	0.132098099186674	NA
interaction	152842	152842	6.86257710587582e-06	0.122716118376009	NA
interaction	152842	346253	4.22877116950454e-06	0.0756185869267176	NA
interaction	152842	4407703	9.7969919460916e-08	0.00175189116979976	NA
interaction	152842	181707	1.0478324029628e-07	0.00187372649103066	NA
interaction	152842	2079328	-3.86199021397579e-08	0.000690598358245707	NA
interaction	152842	1110862	-2.03156913266932e-05	0.363283755253161	NA
interaction	152842	4414388	-2.23833841839708e-05	0.400258092666676	NA
interaction	152842	328438	2.96124026594513e-06	0.0529526889693357	NA
interaction	152842	316489	1.35890874900783e-07	0.0024299910125987	NA
interaction	152842	198910	-2.07084742132375e-05	0.370307471046457	NA
interaction	152842	4371419	1.53127858529472e-06	0.0273822153457164	NA
interaction	152842	192401	-2.64429043137554e-07	0.00472850144473263	NA
interaction	346253	585220	2.9516097461866e-07	0.00527804766962382	NA
interaction	346253	682726	-3.5861370427351e-08	0.000641270489291948	NA
interaction	346253	1106927	-1.87021104285522e-08	0.000334429815770863	NA
interaction	346253	1111783	-3.59880050304037e-09	6.43534960306111e-05	NA
interaction	346253	529021	3.59880050304037e-09	6.43534960306112e-05	NA
interaction	346253	4361727	1.20522952542841e-06	0.0215518291205937	NA
interaction	346253	147040	1.46279861381154e-06	0.0261576613396534	NA
interaction	346253	4297420	-4.07317729719928e-06	0.0728362683082433	NA
interaction	346253	194201	-3.5861370427351e-08	0.000641270489291948	NA
interaction	346253	528935	-5.54877896606584e-09	9.92228729727536e-05	NA
interaction	346253	520734	-2.36824149170444e-08	0.000423487268347258	NA
interaction	346253	183809	-2.12629104987708e-08	0.000380221861485756	NA
interaction	346253	294363	-7.44456130198124e-06	0.133123118603531	NA
interaction	346253	191633	-1.9228986666415e-08	0.000343851379387209	NA
interaction	346253	4385756	2.13750758325573e-06	0.03822275940504	NA
interaction	346253	152842	3.29907926926426e-06	0.0589939021293083	NA
interaction	346253	346253	2.10251953055547e-06	0.0375971055215688	NA
interaction	346253	4407703	2.13819391496321e-08	0.000382350323400847	NA
interaction	346253	181707	4.17489459691822e-08	0.000746551698667423	NA
interaction	346253	2079328	-2.99376454706873e-08	0.000535342858637503	NA
interaction	346253	1110862	-6.77915896650848e-06	0.121224441108508	NA
interaction	346253	4414388	-8.40862689649419e-06	0.150362471370467	NA
interaction	346253	328438	6.03926307397306e-07	0.0107993675095466	NA
interaction	346253	316489	4.58389041021054e-07	0.00819688040693072	NA
interaction	346253	198910	-8.47429698872707e-06	0.151536779314535	NA
interaction	346253	4371419	1.55434162722749e-07	0.00277946270301707	NA
interaction	346253	192401	4.16134327805664e-07	0.00744128461414257	NA
interaction	4407703	585220	7.18239493619492e-06	0.128435078195141	NA
interaction	4407703	682726	7.29109172019e-08	0.00130378786397765	NA
interaction	4407703	1106927	-1.49411007451439e-07	0.00267175706650943	NA
interaction	4407703	1111783	-3.45095638483286e-07	0.00617097579667262	NA
interaction	4407703	529021	1.85699653398454e-05	0.332066806642024	NA
interaction	4407703	4361727	4.01666344392364e-06	0.0718256915815322	NA
interaction	4407703	147040	2.73318911382177e-05	0.488746943984925	NA
interaction	4407703	4297420	-3.86106708172678e-05	0.690433284389925	NA
interaction	4407703	194201	8.8439059951073e-05	1.58146101421963	NA
interaction	4407703	528935	-2.83457347957985e-07	0.00506876424554537	NA
interaction	4407703	520734	-8.48847614570974e-08	0.00151790329996723	NA
interaction	4407703	183809	-4.98096919285792e-08	0.000890693387728424	NA
interaction	4407703	294363	-9.21288299839288e-05	1.64744122094758	NA
interaction	4407703	191633	3.83956743392578e-09	6.86588732578142e-05	NA
interaction	4407703	4385756	0.000103148374487034	1.8444919362736	NA
interaction	4407703	152842	9.9857853820635e-05	1.78565107847533	NA
interaction	4407703	346253	9.25001244692001e-05	1.65408068266932	NA
interaction	4407703	4407703	-4.87501846647e-07	0.00871747353781043	NA
interaction	4407703	181707	-8.67003270707633e-07	0.0155036911584495	NA
interaction	4407703	2079328	-3.83956743392578e-09	6.86588732578142e-05	NA
interaction	4407703	1110862	-2.46681299237858e-05	0.441113754372268	NA
interaction	4407703	4414388	-5.93471448400495e-05	1.06124144605006	NA
interaction	4407703	328438	7.3829935149935e-06	0.132022167791675	NA
interaction	4407703	316489	5.14705226858538e-05	0.920392245849482	NA
interaction	4407703	198910	-0.000100430827136143	1.79589694677339	NA
interaction	4407703	4371419	3.3679380973891e-06	0.0602252308230386	NA
interaction	4407703	192401	5.05493050696444e-05	0.903919097599676	NA
interaction	181707	585220	4.05821971301367e-05	0.725687978458758	NA
interaction	181707	682726	-6.83169727193835e-09	0.000122163927369855	NA
interaction	181707	1106927	-3.18319112329117e-09	5.69215985004816e-05	NA
interaction	181707	1111783	2.55315550101516e-10	4.56553460691424e-06	NA
interaction	181707	529021	2.59807029585054e-05	0.464585092532958	NA
interaction	181707	4361727	3.34111483428405e-06	0.0597455791295644	NA
interaction	181707	147040	5.6150906150453e-05	1.00408653189183	NA
interaction	181707	4297420	-0.000116084517344423	2.07581512779842	NA
interaction	181707	194201	3.0850688087143e-05	0.551669822119981	NA
interaction	181707	528935	-1.40862631024152e-09	2.51889560391464e-05	NA
interaction	181707	520734	-4.15642621536433e-09	7.43249195741751e-05	NA
interaction	181707	183809	-1.75216754669486e-08	0.000313321361286717	NA
interaction	181707	294363	-0.000114963955985777	2.05577732884713	NA
interaction	181707	191633	-2.86332175675696e-09	5.12017171143967e-05	NA
interaction	181707	4385756	9.11186577952563e-05	1.62937739332528	NA
interaction	181707	152842	6.64270705677525e-05	1.18784417710721	NA
interaction	181707	346253	0.000137922015723804	2.46631172912118	NA
interaction	181707	4407703	-4.01780783877353e-09	7.1846155569288e-05	NA
interaction	181707	181707	-2.55315550101515e-10	4.56553460691423e-06	NA
interaction	181707	2079328	-5.53060126041603e-09	9.88978205261419e-05	NA
interaction	181707	1110862	-0.000106910724956649	1.91177002123763	NA
interaction	181707	4414388	-0.000184673338383957	3.30231557392842	NA
interaction	181707	328438	2.05058328736345e-05	0.366683852945712	NA
interaction	181707	316489	4.09462617027474e-05	0.732198155393711	NA
interaction	181707	198910	-0.000165278775741479	2.95550337664945	NA
interaction	181707	4371419	2.90211281940631e-05	0.518953761527676	NA
interaction	181707	192401	3.71257948581772e-05	0.663880837523654	NA
interaction	2079328	585220	4.07663021446531e-06	0.0728980131305488	NA
interaction	2079328	682726	-4.47274771734208e-07	0.00799813582972232	NA
interaction	2079328	1106927	-3.99669605821413e-07	0.00714686362026879	NA
interaction	2079328	1111783	-3.5776837292033e-07	0.00639758873745727	NA
interaction	2079328	529021	-2.19515012589513e-09	3.92535192751147e-05	NA
interaction	2079328	4361727	5.11090226934613e-06	0.0913927928556584	NA
interaction	2079328	147040	7.22000178625093e-07	0.0129107561227684	NA
interaction	2079328	4297420	4.87628471400854e-06	0.0871973783270192	NA
interaction	2079328	194201	2.19413503418202e-06	0.0392353674769045	NA
interaction	2079328	528935	-3.84376690751405e-07	0.00687339679474655	NA
interaction	2079328	520734	-4.13486775891811e-07	0.00739394127809627	NA
interaction	2079328	183809	-4.42521679279138e-07	0.00791314136665549	NA
interaction	2079328	294363	5.78172246351474e-06	0.103388352116643	NA
interaction	2079328	191633	-4.46344949610964e-07	0.00798150881628635	NA
interaction	2079328	4385756	2.03969705251973e-06	0.0364737184131445	NA
interaction	2079328	152842	2.19515012589513e-09	3.92535192751147e-05	NA
interaction	2079328	346253	-1.26254090227428e-06	0.0225766671073739	NA
interaction	2079328	4407703	-3.70519598529929e-07	0.00662560525183742	NA
interaction	2079328	181707	-3.16154307321377e-07	0.0056534489600294	NA
interaction	2079328	2079328	-4.30840376513138e-07	0.00770425713688254	NA
interaction	2079328	1110862	1.31277333978276e-06	0.0234749200016588	NA
interaction	2079328	4414388	2.73485439873941e-06	0.048904472905594	NA
interaction	2079328	328438	1.29300580496847e-06	0.023121438342386	NA
interaction	2079328	316489	-3.48258369622894e-07	0.00622753153119212	NA
interaction	2079328	198910	3.0652496306288e-06	0.0548125770714026	NA
interaction	2079328	4371419	-1.78474479194855e-06	0.0319146801239143	NA
interaction	2079328	192401	2.89475599007319e-09	5.17638218510255e-05	NA
interaction	1110862	585220	8.07696443907289e-06	0.144431706767335	NA
interaction	1110862	682726	-7.31079413856591e-07	0.0130731103649493	NA
interaction	1110862	1106927	-5.50434200553669e-07	0.00984282543878643	NA
interaction	1110862	1111783	-3.79404025775217e-07	0.0067844759513888	NA
interaction	1110862	529021	-2.89087672608962e-06	0.0516944531268749	NA
interaction	1110862	4361727	5.32632317127742e-06	0.0952449341859804	NA
interaction	1110862	147040	5.26166068602604e-06	0.0940886441986809	NA
interaction	1110862	4297420	3.66976844751092e-06	0.0656225397936449	NA
interaction	1110862	194201	4.58267391102511e-06	0.0819470507169237	NA
interaction	1110862	528935	-4.58171168968179e-07	0.00819298443429261	NA
interaction	1110862	520734	-5.98324462492704e-07	0.0106991957152146	NA
interaction	1110862	183809	-6.71362006088454e-07	0.0120052479034101	NA
interaction	1110862	294363	3.23135218526518e-06	0.0577828112039797	NA
interaction	1110862	191633	-6.9792540872601e-07	0.0124802527903859	NA
interaction	1110862	4385756	1.15968403728058e-05	0.207373879232399	NA
interaction	1110862	152842	1.47857609261254e-05	0.264397930995371	NA
interaction	1110862	346253	1.39125982657196e-05	0.248784098066029	NA
interaction	1110862	4407703	-3.13657465799168e-07	0.00560880061654583	NA
interaction	1110862	181707	-7.09578110961238e-08	0.00126886255874907	NA
interaction	1110862	2079328	-6.66510009379506e-07	0.0119184848414715	NA
interaction	1110862	1110862	1.16824915224228e-06	0.0208905487031229	NA
interaction	1110862	4414388	2.252418635906e-06	0.0402775907201836	NA
interaction	1110862	328438	7.1030663132184e-06	0.127016529370464	NA
interaction	1110862	316489	-1.81860954753433e-06	0.0325202472878417	NA
interaction	1110862	198910	7.09578110961239e-08	0.00126886255874908	NA
interaction	1110862	4371419	-1.3014910415149e-06	0.0232731707420976	NA
interaction	1110862	192401	-2.55932349451144e-06	0.0457656416925437	NA
interaction	4414388	585220	1.5770575145323e-06	0.0282008309201242	NA
interaction	4414388	682726	-1.42886080657996e-07	0.00255507878713631	NA
interaction	4414388	1106927	-1.36191588912752e-07	0.00243536835928944	NA
interaction	4414388	1111783	-1.30299207378458e-07	0.00233000120949669	NA
interaction	4414388	529021	1.15723228368614e-07	0.00206935458388913	NA
interaction	4414388	4361727	-6.45540607731112e-07	0.0115435114844865	NA
interaction	4414388	147040	5.59548646677103e-07	0.0100058093196462	NA
interaction	4414388	4297420	8.19444292873719e-07	0.0146532448809553	NA
interaction	4414388	194201	1.04391634353174e-06	0.0186672382125669	NA
interaction	4414388	528935	-1.31404311631776e-07	0.00234976260558387	NA
interaction	4414388	520734	-1.38134609208739e-07	0.00247011331078078	NA
interaction	4414388	183809	-1.36927581481323e-07	0.00244852932633945	NA
interaction	4414388	294363	8.30607242235338e-07	0.0148528599518174	NA
interaction	4414388	191633	-1.35677571027043e-07	0.00242617672781675	NA
interaction	4414388	4385756	-3.5643705324547e-07	0.00637378217320366	NA
interaction	4414388	152842	6.81783593503848e-07	0.0121916059923907	NA
interaction	4414388	346253	1.2130966608822e-06	0.0216925086802886	NA
interaction	4414388	4407703	-1.22150259589657e-07	0.00218428230156133	NA
interaction	4414388	181707	-1.20490693298611e-07	0.00215460605453593	NA
interaction	4414388	2079328	-1.40575063691487e-07	0.00251375334521329	NA
interaction	4414388	1110862	6.88423623699882e-07	0.012310342542667	NA
interaction	4414388	4414388	3.03820912002261e-07	0.00543290405734802	NA
interaction	4414388	328438	2.34865563333306e-07	0.00419984939007541	NA
interaction	4414388	316489	-2.54779225728132e-08	0.000455594409240684	NA
interaction	4414388	198910	2.54779225728132e-08	0.000455594409240684	NA
interaction	4414388	4371419	-2.90233494286012e-07	0.00518993481486565	NA
interaction	4414388	192401	9.45038445629191e-08	0.00168991106365005	NA
interaction	328438	585220	1.33889286940183e-05	0.239419875827158	NA
interaction	328438	682726	-2.89417047828034e-08	0.000517533517705626	NA
interaction	328438	1106927	-2.04612812135203e-08	0.000365887183310957	NA
interaction	328438	1111783	-1.29969406652905e-08	0.000232410373625114	NA
interaction	328438	529021	5.71293352875504e-06	0.102158273251125	NA
interaction	328438	4361727	1.36690796135605e-05	0.244429514753657	NA
interaction	328438	147040	7.33835748481182e-06	0.131223989457341	NA
interaction	328438	4297420	-1.04574430635653e-05	0.18699925714497	NA
interaction	328438	194201	8.52300334471664e-06	0.152407742927048	NA
interaction	328438	528935	-1.28874103528452e-08	0.000230451760325704	NA
interaction	328438	520734	-2.29226454792931e-08	0.000409901125004441	NA
interaction	328438	183809	-3.64720572719908e-08	0.000652190748250251	NA
interaction	328438	294363	-7.50691179139037e-06	0.134238065644721	NA
interaction	328438	191633	-2.27327709597542e-08	0.000406505802277011	NA
interaction	328438	4385756	1.27061963711343e-05	0.227211304723102	NA
interaction	328438	152842	7.06121170216437e-06	0.126268088176224	NA
interaction	328438	346253	1.13419693554615e-05	0.202816293728805	NA
interaction	328438	4407703	-9.71446436051997e-09	0.000173713364532455	NA
interaction	328438	181707	9.71446436051997e-09	0.000173713364532455	NA
interaction	328438	2079328	-2.60138432402287e-08	0.000465177704706522	NA
interaction	328438	1110862	-1.04696690695545e-05	0.18721788171925	NA
interaction	328438	4414388	-1.65570660754632e-05	0.296072284380786	NA
interaction	328438	328438	6.57551659154801e-06	0.117582922564312	NA
interaction	328438	316489	6.44208971337191e-06	0.115196992566851	NA
interaction	328438	198910	-1.36123567571662e-05	0.243415200647961	NA
interaction	328438	4371419	2.88791602434371e-06	0.0516415100676828	NA
interaction	328438	192401	7.17186675763082e-06	0.128246814050779	NA
interaction	316489	585220	1.05520715601403e-05	0.188691397227081	NA
interaction	316489	682726	-8.60917218169999e-08	0.00153948607974745	NA
interaction	316489	1106927	-7.17235698982028e-08	0.00128255580348113	NA
interaction	316489	1111783	-5.85106526057208e-08	0.00104628335108591	NA
interaction	316489	529021	9.12681083867182e-06	0.163204985823027	NA
interaction	316489	4361727	7.61175921889448e-06	0.136112939926862	NA
interaction	316489	147040	8.53512679467791e-06	0.152624533601691	NA
interaction	316489	4297420	-2.48555470880119e-05	0.44446513484582	NA
interaction	316489	194201	7.47638413201702e-07	0.0133692172199211	NA
interaction	316489	528935	-5.88275221394564e-08	0.00105194958967408	NA
interaction	316489	520734	-7.56798224674112e-08	0.00135330123207423	NA
interaction	316489	183809	-3.23892388891506e-08	0.000579182078730549	NA
interaction	316489	294363	-1.73545389123272e-05	0.31033263723955	NA
interaction	316489	191633	-4.04710339620751e-09	7.23700166550719e-05	NA
interaction	316489	4385756	3.59479842927251e-05	0.642819312305849	NA
interaction	316489	152842	4.75336684398404e-06	0.0849993696699597	NA
interaction	316489	346253	2.22811809865609e-05	0.398430502320037	NA
interaction	316489	4407703	4.0471033962075e-09	7.23700166550716e-05	NA
interaction	316489	181707	-7.3887587209886e-09	0.000132125260797472	NA
interaction	316489	2079328	-8.10273756164488e-08	0.0014489257992208	NA
interaction	316489	1110862	-1.70681238467584e-05	0.305210983296904	NA
interaction	316489	4414388	-3.31690600979882e-05	0.593126786425549	NA
interaction	316489	328438	4.42964716585497e-06	0.0792106372842912	NA
interaction	316489	316489	7.88647105160425e-06	0.141025317487361	NA
interaction	316489	198910	-2.96524943708368e-05	0.530243806840426	NA
interaction	316489	4371419	1.04346252706665e-05	0.186591230986392	NA
interaction	316489	192401	9.171567148609e-06	0.164005314991441	NA
interaction	198910	585220	1.81686338458525e-06	0.0324890225255029	NA
interaction	198910	682726	-1.15543751351341e-07	0.00206614518856174	NA
interaction	198910	1106927	-1.02859851447519e-07	0.00183933258768995	NA
interaction	198910	1111783	-9.16957046807109e-08	0.00163969610491299	NA
interaction	198910	529021	6.1109521150722e-07	0.0109275613457405	NA
interaction	198910	4361727	1.33600448088312e-06	0.0238903376235373	NA
interaction	198910	147040	6.83341666303246e-08	0.00122194673399777	NA
interaction	198910	4297420	-3.12626281201284e-07	0.00559036104650836	NA
interaction	198910	194201	8.36988164957399e-07	0.0149669631605723	NA
interaction	198910	528935	-9.74235466145731e-08	0.00174212096920968	NA
interaction	198910	520734	-1.06541289789593e-07	0.00190516380771269	NA
interaction	198910	183809	-1.12310768433174e-07	0.00200833321670736	NA
interaction	198910	294363	9.08725825573248e-07	0.0162497709332697	NA
interaction	198910	191633	-1.14977326766007e-07	0.00205601642419341	NA
interaction	198910	4385756	2.58233098072142e-06	0.046177059933493	NA
interaction	198910	152842	1.58686924679849e-06	0.0283762836224656	NA
interaction	198910	346253	2.06961030920815e-06	0.0370086251533028	NA
interaction	198910	4407703	-9.19420263893673e-08	0.00164410081228338	NA
interaction	198910	181707	-6.83341666303246e-08	0.00122194673399777	NA
interaction	198910	2079328	-1.11165195045576e-07	0.00198784815442361	NA
interaction	198910	1110862	-7.83853709458852e-07	0.0140168165858662	NA
interaction	198910	4414388	-7.4857537196727e-07	0.0133859718502903	NA
interaction	198910	328438	1.48885292042077e-06	0.0266235626074622	NA
interaction	198910	316489	7.16584303023577e-07	0.0128139098183595	NA
interaction	198910	198910	2.90962558229989e-07	0.0052029718847408	NA
interaction	198910	4371419	-2.72127761202506e-07	0.00486616937659357	NA
interaction	198910	192401	7.94130446183524e-07	0.0142005844650416	NA
interaction	4371419	585220	2.91358482858705e-09	5.21005178094536e-05	NA
interaction	4371419	682726	2.91358482858705e-09	5.21005178094536e-05	NA
interaction	4371419	1106927	-2.22956662601208e-09	3.98689526957205e-05	NA
interaction	4371419	1111783	-7.47181816377349e-09	0.000133610523878059	NA
interaction	4371419	529021	5.57826639935462e-07	0.00997501651690005	NA
interaction	4371419	4361727	-2.49197341134082e-07	0.00445612922693624	NA
interaction	4371419	147040	6.42477070499119e-07	0.0114887295284064	NA
interaction	4371419	4297420	-5.29954333293587e-06	0.0947660590110556	NA
interaction	4371419	194201	8.05873059711767e-07	0.0144105650495281	NA
interaction	4371419	528935	-7.13373879031899e-09	0.000127565012436328	NA
interaction	4371419	520734	-1.00679052177438e-09	1.80033568940338e-05	NA
interaction	4371419	183809	8.6228197513593e-09	0.000154192652850019	NA
interaction	4371419	294363	-7.5372690301701e-06	0.13478091164123	NA
interaction	4371419	191633	1.33335335512827e-08	0.000238429303803192	NA
interaction	4371419	4385756	9.91758827716346e-06	0.177345612041701	NA
interaction	4371419	152842	7.68045053503519e-07	0.0137341273183141	NA
interaction	4371419	346253	3.36676969724328e-06	0.060204337574279	NA
interaction	4371419	4407703	-2.86608013235143e-09	5.12510421916605e-05	NA
interaction	4371419	181707	-1.6611192783711e-08	0.000297040174348967	NA
interaction	4371419	2079328	1.00679052177438e-09	1.80033568940338e-05	NA
interaction	4371419	1110862	-7.58813291916089e-06	0.135690456106256	NA
interaction	4371419	4414388	-1.01967902864322e-05	0.182338282621811	NA
interaction	4371419	328438	-4.3609881146098e-07	0.00779828809865918	NA
interaction	4371419	316489	9.20120073127675e-07	0.0164535220620545	NA
interaction	4371419	198910	-9.97614541184212e-06	0.178392726581927	NA
interaction	4371419	4371419	7.47167628510404e-07	0.0133607986813728	NA
interaction	4371419	192401	9.50654338828978e-07	0.0169995336414533	NA
interaction	192401	585220	2.22520801981233e-06	0.039791012407967	NA
interaction	192401	682726	-2.0861869410778e-08	0.000373050473118313	NA
interaction	192401	1106927	-1.79017558968645e-08	0.000320117932649104	NA
interaction	192401	1111783	-1.52962834432386e-08	0.000273527058534068	NA
interaction	192401	529021	3.1399880346624e-06	0.0561490439256356	NA
interaction	192401	4361727	9.70562740396976e-07	0.0173555342700515	NA
interaction	192401	147040	2.96860982522426e-06	0.053084470907072	NA
interaction	192401	4297420	-4.96823257132351e-06	0.0888415834075018	NA
interaction	192401	194201	-2.0861869410778e-08	0.000373050473118313	NA
interaction	192401	528935	-1.42000726937019e-08	0.000253924695452418	NA
interaction	192401	520734	-1.87608421864064e-08	0.000335480052910363	NA
interaction	192401	183809	-5.40281277429588e-09	9.66127158565879e-05	NA
interaction	192401	294363	-3.23846062304248e-06	0.0579099237854911	NA
interaction	192401	191633	2.96576187989567e-09	5.30335441501585e-05	NA
interaction	192401	4385756	5.15125115743246e-06	0.092114308818299	NA
interaction	192401	152842	1.43145342978206e-06	0.0255971489760712	NA
interaction	192401	346253	4.23136858575928e-06	0.075665033740454	NA
interaction	192401	4407703	5.11585470288883e-09	9.14813519219535e-05	NA
interaction	192401	181707	-2.96576187989568e-09	5.30335441501585e-05	NA
interaction	192401	2079328	-1.98390134723049e-08	0.000354759835579276	NA
interaction	192401	1110862	-3.10514150241299e-06	0.0555259207008559	NA
interaction	192401	4414388	-7.31549997696836e-06	0.130815253118933	NA
interaction	192401	328438	1.75394924510163e-06	0.0313639963335513	NA
interaction	192401	316489	2.17309714438425e-06	0.0388591694196769	NA
interaction	192401	198910	-6.59561862255406e-06	0.117942385660825	NA
interaction	192401	4371419	3.64030232011374e-06	0.0650956285878446	NA
interaction	192401	192401	2.58540856129944e-06	0.0462320930116934	NA
