parameter_type	source_taxon	target_taxon	value	significance	MCMC_std
growth_rate	NA	367104	0.0998488727111759	10000	NA
growth_rate	NA	4479888	0.16053983145171	10000	NA
growth_rate	NA	105725	0.233391067048266	10000	NA
growth_rate	NA	4444095	0.151188109336763	10000	NA
growth_rate	NA	1136492	0.146936949672269	10000	NA
growth_rate	NA	367517	0.20904467496064	10000	NA
growth_rate	NA	182497	0.225850683075526	10000	NA
growth_rate	NA	577562	0.219174153560426	10000	NA
growth_rate	NA	180045	0.153722742576325	10000	NA
growth_rate	NA	4348111	0.182800162715542	10000	NA
growth_rate	NA	3257594	0.107801704632377	10000	NA
growth_rate	NA	4257777	0.253964627228399	10000	NA
growth_rate	NA	340642	0.160371237913893	10000	NA
growth_rate	NA	271563	0.169595467506867	10000	NA
growth_rate	NA	368105	0.210619578010286	10000	NA
growth_rate	NA	536212	0.199138980558417	10000	NA
growth_rate	NA	581021	0.169956948225679	10000	NA
growth_rate	NA	938834	0.248633432198946	10000	NA
growth_rate	NA	1021808	0.228056305741623	10000	NA
growth_rate	NA	643390	0.218426294308742	10000	NA
growth_rate	NA	3700151	0.215589009796576	10000	NA
growth_rate	NA	1110862	0.089964921777278	10000	NA
interaction	367104	367104	0.000468424195016241	2.69231096840666	NA
interaction	367104	4479888	0.000129469671667633	0.744138797302501	NA
interaction	367104	105725	-0.000394636767804764	2.26821097159697	NA
interaction	367104	4444095	-0.000174285330907517	1.00172090388803	NA
interaction	367104	1136492	0.000350633401722614	2.01529759434139	NA
interaction	367104	367517	-0.00049529470855575	2.84675170630798	NA
interaction	367104	182497	-0.00049209321162934	2.82835080946704	NA
interaction	367104	577562	-0.000341968221004011	1.96549367443261	NA
interaction	367104	180045	2.60796506769976e-05	0.149895181156174	NA
interaction	367104	4348111	0	0	NA
interaction	367104	3257594	0.00051276168337048	2.9471447440266	NA
interaction	367104	4257777	-0.000503489677476719	2.89385304083855	NA
interaction	367104	340642	0.000225400722497577	1.29551129921026	NA
interaction	367104	271563	0.000349144092932271	2.00673765564854	NA
interaction	367104	368105	-0.000420941680050891	2.41940086425563	NA
interaction	367104	536212	0.000108389159901387	0.622976624955866	NA
interaction	367104	581021	0.000165799744052598	0.952949216161537	NA
interaction	367104	938834	-7.64488188420872e-05	0.439396588989492	NA
interaction	367104	1021808	-0.000478115358750586	2.74801181967822	NA
interaction	367104	643390	-0.00049510534949864	2.84566334778199	NA
interaction	367104	3700151	-0.000496278116156211	2.85240393157154	NA
interaction	367104	1110862	0.000591215397251906	3.39806465090263	NA
interaction	4479888	367104	0.000148120036811389	0.851333479335484	NA
interaction	4479888	4479888	-5.01895974872525e-05	0.288469308913815	NA
interaction	4479888	105725	2.98651034803252e-05	0.171652417889925	NA
interaction	4479888	4444095	-0.00025981470593048	1.49330882130401	NA
interaction	4479888	1136492	1.77732953751855e-05	0.102153643198734	NA
interaction	4479888	367517	-2.36470215922457e-05	0.135913422663287	NA
interaction	4479888	182497	0	0	NA
interaction	4479888	577562	-6.02684237850631e-05	0.346398286278702	NA
interaction	4479888	180045	-0.000236561618542248	1.35965957156258	NA
interaction	4479888	4348111	1.51589201411831e-05	0.0871272820651221	NA
interaction	4479888	3257594	0.00024667254770511	1.41777306308496	NA
interaction	4479888	4257777	-0.000102514321967364	0.589210455796239	NA
interaction	4479888	340642	0.000278279030329534	1.59943421711553	NA
interaction	4479888	271563	0.00103712497565578	5.96097079799589	NA
interaction	4479888	368105	-5.93703052368345e-05	0.341236267655301	NA
interaction	4479888	536212	0.000838333097846015	4.81839627099301	NA
interaction	4479888	581021	2.91266610405585e-05	0.167408152326204	NA
interaction	4479888	938834	-0.00013647037114659	0.7843759588203	NA
interaction	4479888	1021808	-5.06510290701607e-05	0.291121429203609	NA
interaction	4479888	643390	-1.65279514479335e-05	0.0949959149036295	NA
interaction	4479888	3700151	-1.65054013621061e-05	0.0948663062197541	NA
interaction	4479888	1110862	0.00022161414325369	1.27374758815622	NA
interaction	105725	367104	3.93315520024811e-06	0.022606169789557	NA
interaction	105725	4479888	6.8027042787003e-07	0.00390991659680105	NA
interaction	105725	105725	1.75584253925022e-06	0.010091865829122	NA
interaction	105725	4444095	-2.91469084881725e-06	0.0167524526386027	NA
interaction	105725	1136492	2.68464984910564e-06	0.0154302709210565	NA
interaction	105725	367517	6.09722664762171e-07	0.00350443686617941	NA
interaction	105725	182497	1.07800984580094e-06	0.00619596033420011	NA
interaction	105725	577562	0	0	NA
interaction	105725	180045	-2.45576115767323e-06	0.0141147122008961	NA
interaction	105725	4348111	4.7152834865977e-07	0.00271015237581261	NA
interaction	105725	3257594	1.60372891581148e-05	0.0921757884483415	NA
interaction	105725	4257777	1.7088457008095e-07	0.000982174719528409	NA
interaction	105725	340642	-1.32386406729556e-06	0.00760902999243175	NA
interaction	105725	271563	-5.41836662453394e-05	0.311425584956719	NA
interaction	105725	368105	-8.98387493272637e-08	0.000516356440967662	NA
interaction	105725	536212	-1.89875907187148e-05	0.109132916914849	NA
interaction	105725	581021	-8.16441675339298e-06	0.0469257331488628	NA
interaction	105725	938834	-1.82382955152625e-06	0.0104826274097735	NA
interaction	105725	1021808	-3.50622183344895e-06	0.0201523311568785	NA
interaction	105725	643390	6.51846256217713e-07	0.00374654606658163	NA
interaction	105725	3700151	6.8027042787003e-07	0.00390991659680105	NA
interaction	105725	1110862	-2.68038028624572e-06	0.0154057312174281	NA
interaction	4444095	367104	-5.82202606483209e-06	0.0334626281038993	NA
interaction	4444095	4479888	0.000194356326705868	1.11708079073775	NA
interaction	4444095	105725	2.0885775828894e-05	0.120042909708932	NA
interaction	4444095	4444095	2.51232502351763e-05	0.144398182010742	NA
interaction	4444095	1136492	0.000179475183366671	1.03155005628634	NA
interaction	4444095	367517	-9.61014746598064e-06	0.0552352028480682	NA
interaction	4444095	182497	-1.29938138391486e-05	0.074683135270929	NA
interaction	4444095	577562	2.34881964572489e-05	0.135000560651546	NA
interaction	4444095	180045	-7.49465155075454e-05	0.430761962963566	NA
interaction	4444095	4348111	3.31430549446584e-05	0.190492744190796	NA
interaction	4444095	3257594	-2.59012561882154e-05	0.148869842491004	NA
interaction	4444095	4257777	0	0	NA
interaction	4444095	340642	4.96907908532872e-05	0.285602372094524	NA
interaction	4444095	271563	-8.07100704630317e-05	0.46388852301056	NA
interaction	4444095	368105	-2.79204718954104e-05	0.160475469727812	NA
interaction	4444095	536212	6.00236582878201e-05	0.344991474162832	NA
interaction	4444095	581021	3.03241488453115e-05	0.174290823173635	NA
interaction	4444095	938834	1.96895606659591e-06	0.0113167553486924	NA
interaction	4444095	1021808	-1.26751109038726e-05	0.0728513609573131	NA
interaction	4444095	643390	-1.02070087851442e-05	0.0586657179523231	NA
interaction	4444095	3700151	-1.0141013107746e-05	0.0582864017512877	NA
interaction	4444095	1110862	-3.91179869694088e-06	0.0224834213305477	NA
interaction	1136492	367104	5.82905183441528e-05	0.335030093581376	NA
interaction	1136492	4479888	-1.07251955965605e-06	0.00616440441167336	NA
interaction	1136492	105725	-2.41697269120153e-06	0.0138917719368352	NA
interaction	1136492	4444095	-2.61280243414963e-05	0.150173213223898	NA
interaction	1136492	1136492	-6.75309912044579e-06	0.0388140557771214	NA
interaction	1136492	367517	-6.81795348342055e-06	0.0391868121689639	NA
interaction	1136492	182497	-5.63554692615115e-06	0.0323908221728835	NA
interaction	1136492	577562	2.53268494666177e-05	0.145568387243095	NA
interaction	1136492	180045	-2.53944237127056e-06	0.0145956776412271	NA
interaction	1136492	4348111	1.02661635487883e-05	0.0590057153749307	NA
interaction	1136492	3257594	2.19298420541693e-05	0.126043775974933	NA
interaction	1136492	4257777	2.92886117529123e-05	0.168338978880107	NA
interaction	1136492	340642	4.57643564850731e-06	0.0263034830902709	NA
interaction	1136492	271563	-8.54932793007502e-06	0.04913804539462	NA
interaction	1136492	368105	7.37303361718849e-05	0.423771860830104	NA
interaction	1136492	536212	0	0	NA
interaction	1136492	581021	7.36815026267092e-05	0.423491185556065	NA
interaction	1136492	938834	1.07453507160982e-05	0.0617598875124813	NA
interaction	1136492	1021808	-4.66454960572662e-06	0.0268099261306075	NA
interaction	1136492	643390	-4.76309350359424e-06	0.0273763162102006	NA
interaction	1136492	3700151	-4.774164683779e-06	0.0274399488324301	NA
interaction	1136492	1110862	4.19356860836164e-05	0.24102919706499	NA
interaction	367517	367104	0.000501777484001143	2.88401205200114	NA
interaction	367517	4479888	-4.1911655385159e-05	0.240891078424399	NA
interaction	367517	105725	-0.000108545546748153	0.623875472682656	NA
interaction	367517	4444095	7.45804988169533e-05	0.428658248507341	NA
interaction	367517	1136492	0.000370871213592437	2.13161627184221	NA
interaction	367517	367517	-0.000206173063908719	1.1849985702216	NA
interaction	367517	182497	-0.000197353082370937	1.13430491842488	NA
interaction	367517	577562	-0.000129236069570784	0.742796147852958	NA
interaction	367517	180045	0.000112999287167409	0.649473753703948	NA
interaction	367517	4348111	-0.000112378258350198	0.64590433369093	NA
interaction	367517	3257594	0.000424257644224855	2.43845967208706	NA
interaction	367517	4257777	-0.000183843276023232	1.05665606894622	NA
interaction	367517	340642	0.000361772284230065	2.0793193418721	NA
interaction	367517	271563	0.000174205428651338	1.00126165835161	NA
interaction	367517	368105	9.09550938874304e-05	0.52277273358413	NA
interaction	367517	536212	-7.25883217871948e-05	0.417208028545837	NA
interaction	367517	581021	0	0	NA
interaction	367517	938834	0.00018989642034511	1.09144707040288	NA
interaction	367517	1021808	-0.000169863694706542	0.976307144802047	NA
interaction	367517	643390	-0.000199906701234521	1.14898207675424	NA
interaction	367517	3700151	-0.000200236533579926	1.15087781837203	NA
interaction	367517	1110862	0.000694683515232592	3.99275713665293	NA
interaction	182497	367104	7.80333349979735e-07	0.00448503740736772	NA
interaction	182497	4479888	-6.37362348163042e-06	0.0366329847831469	NA
interaction	182497	105725	1.61242455135679e-05	0.0926755780664905	NA
interaction	182497	4444095	1.21472813873387e-05	0.0698176124619694	NA
interaction	182497	1136492	4.90584002421805e-06	0.0281967649130351	NA
interaction	182497	367517	-8.75669667199192e-07	0.00503299162337174	NA
interaction	182497	182497	0	0	NA
interaction	182497	577562	6.1992301583228e-06	0.0356306431830472	NA
interaction	182497	180045	-1.09171459140429e-06	0.00627472961490698	NA
interaction	182497	4348111	2.1639642877033e-06	0.0124375829622163	NA
interaction	182497	3257594	3.94275080390221e-06	0.022661321400514	NA
interaction	182497	4257777	6.59233476604019e-06	0.0378900479241965	NA
interaction	182497	340642	-2.637057941922e-05	0.151567320751105	NA
interaction	182497	271563	-0.000117076718737327	0.672909165143869	NA
interaction	182497	368105	5.29912634041318e-06	0.0304572140403046	NA
interaction	182497	536212	-0.000389926881930606	2.24114047111076	NA
interaction	182497	581021	-1.39823888944077e-05	0.0803650609542832	NA
interaction	182497	938834	-1.39340665397958e-06	0.00800873237948347	NA
interaction	182497	1021808	1.06183075639275e-06	0.00610296953582557	NA
interaction	182497	643390	-7.99125944659509e-07	0.00459304956668716	NA
interaction	182497	3700151	-8.09124515476555e-07	0.00465051726832497	NA
interaction	182497	1110862	-0.000107518379230067	0.617971733284142	NA
interaction	577562	367104	8.72011496500699e-05	0.501196595219454	NA
interaction	577562	4479888	4.40452922489032e-05	0.253154351739426	NA
interaction	577562	105725	1.20773705923302e-05	0.0694157937638454	NA
interaction	577562	4444095	-5.09267181251097e-06	0.0292705977299984	NA
interaction	577562	1136492	0.000100477955548022	0.577506253270364	NA
interaction	577562	367517	6.53327667882695e-06	0.0375506061582309	NA
interaction	577562	182497	-8.0935566398528e-06	0.0465184581555202	NA
interaction	577562	577562	-4.18616418103132e-05	0.240603620821741	NA
interaction	577562	180045	-1.60591655106711e-05	0.0923015247885275	NA
interaction	577562	4348111	7.36224292621285e-06	0.0423151655982031	NA
interaction	577562	3257594	9.78644752285353e-05	0.562485035739906	NA
interaction	577562	4257777	0	0	NA
interaction	577562	340642	-8.69164871655554e-05	0.499560471514688	NA
interaction	577562	271563	-4.89236181183595e-06	0.0281192976527677	NA
interaction	577562	368105	-2.0543667017299e-05	0.1180766079772	NA
interaction	577562	536212	7.2956343990229e-05	0.419323269868527	NA
interaction	577562	581021	-1.45777579672761e-06	0.00837869992362673	NA
interaction	577562	938834	-0.000175289622402405	1.00749316124777	NA
interaction	577562	1021808	4.6186135446148e-06	0.0265459044116345	NA
interaction	577562	643390	1.9634591688853e-06	0.0112851614255861	NA
interaction	577562	3700151	2.04053522459e-06	0.0117281631158982	NA
interaction	577562	1110862	-4.14707020210171e-06	0.0238356658572765	NA
interaction	180045	367104	0.000125903299395538	0.723640745989734	NA
interaction	180045	4479888	7.18661361504486e-06	0.0413057200446596	NA
interaction	180045	105725	8.47761638223347e-06	0.048725876704639	NA
interaction	180045	4444095	-2.06756010000278e-05	0.118834910628057	NA
interaction	180045	1136492	0.000169845467087088	0.976202379889589	NA
interaction	180045	367517	7.4868530288626e-06	0.0430313735774398	NA
interaction	180045	182497	-2.30778937112029e-06	0.0132642308035007	NA
interaction	180045	577562	0	0	NA
interaction	180045	180045	-5.90629406702395e-06	0.0339469661654271	NA
interaction	180045	4348111	-3.34065474010589e-06	0.0192007191219807	NA
interaction	180045	3257594	9.14478571520791e-05	0.525604935584703	NA
interaction	180045	4257777	8.74185815435121e-06	0.0502446304943726	NA
interaction	180045	340642	-1.06362499498764e-06	0.00611328208650155	NA
interaction	180045	271563	-2.5802343468736e-05	0.148301332575413	NA
interaction	180045	368105	2.95550126395928e-06	0.0169870142378564	NA
interaction	180045	536212	1.98227950843816e-05	0.113933330511051	NA
interaction	180045	581021	-2.18969846769136e-05	0.125854925189428	NA
interaction	180045	938834	-3.58165894972045e-06	0.0205859128926718	NA
interaction	180045	1021808	-3.04091779863532e-07	0.00174779535950423	NA
interaction	180045	643390	1.89010600540365e-06	0.0108635573993421	NA
interaction	180045	3700151	2.50123000609915e-06	0.0143760485721604	NA
interaction	180045	1110862	-3.83608680512449e-06	0.0220482602971408	NA
interaction	4348111	367104	-1.37591839028419e-05	0.0790821698197321	NA
interaction	4348111	4479888	-2.12783519408472e-06	0.0122299276872267	NA
interaction	4348111	105725	1.33357969742274e-05	0.0766487146653727	NA
interaction	4348111	4444095	3.13606200231007e-05	0.180248036208506	NA
interaction	4348111	1136492	-5.859740895459e-05	0.336793975475975	NA
interaction	4348111	367517	-9.31120332052777e-06	0.0535169939888614	NA
interaction	4348111	182497	-4.82902176880916e-06	0.0277552449535376	NA
interaction	4348111	577562	8.06086575622187e-05	0.463305643073738	NA
interaction	4348111	180045	0.000224088150104241	1.28796716914823	NA
interaction	4348111	4348111	2.70192322413845e-05	0.155295512262948	NA
interaction	4348111	3257594	-9.95945529097755e-06	0.057242881568756	NA
interaction	4348111	4257777	-4.98864842315269e-06	0.0286727137711426	NA
interaction	4348111	340642	3.07785600967932e-05	0.176902593465495	NA
interaction	4348111	271563	0	0	NA
interaction	4348111	368105	7.58792047711105e-06	0.0436122679940033	NA
interaction	4348111	536212	-1.41710227676917e-05	0.0814492514198032	NA
interaction	4348111	581021	2.80192016818073e-05	0.161042928218754	NA
interaction	4348111	938834	7.81935499060492e-05	0.449424590596587	NA
interaction	4348111	1021808	-2.8413760981587e-06	0.0163310693935781	NA
interaction	4348111	643390	-8.69950594703675e-06	0.0500012073033801	NA
interaction	4348111	3700151	-9.22724361089469e-06	0.0530344278670547	NA
interaction	4348111	1110862	8.8460352067598e-05	0.508433976456855	NA
interaction	3257594	367104	0.000169917270332957	0.976615075622384	NA
interaction	3257594	4479888	-0.000157417947775808	0.904774074290036	NA
interaction	3257594	105725	3.38580597984007e-05	0.194602300081963	NA
interaction	3257594	4444095	-6.1467091449048e-05	0.353287738475143	NA
interaction	3257594	1136492	0.000401021960948623	2.30491045407356	NA
interaction	3257594	367517	-7.9542283742558e-05	0.457176561865636	NA
interaction	3257594	182497	-7.3998517848998e-05	0.425313259584692	NA
interaction	3257594	577562	-0.000101832643341821	0.58529244545432	NA
interaction	3257594	180045	-2.95613596831788e-05	0.169906622592962	NA
interaction	3257594	4348111	0.000161492399119149	0.928192356604716	NA
interaction	3257594	3257594	0.000302861606328005	1.74072482442517	NA
interaction	3257594	4257777	-9.68541075915598e-05	0.556677855196942	NA
interaction	3257594	340642	-0.000215258542634359	1.23721819142502	NA
interaction	3257594	271563	0.000347597232379017	1.99784693292664	NA
interaction	3257594	368105	0	0	NA
interaction	3257594	536212	0.00200154392421862	11.5040570454194	NA
interaction	3257594	581021	0.000253772962150814	1.45858334550801	NA
interaction	3257594	938834	0.000163838197705818	0.941675048856216	NA
interaction	3257594	1021808	-6.20958537521174e-05	0.35690160740652	NA
interaction	3257594	643390	-8.11737605424754e-05	0.466553624216069	NA
interaction	3257594	3700151	-7.753337744776e-05	0.445630188920921	NA
interaction	3257594	1110862	0.00146109312879528	8.39776659355256	NA
interaction	4257777	367104	1.10373326722967e-05	0.0634380805512134	NA
interaction	4257777	4479888	0	0	NA
interaction	4257777	105725	-3.19117862142391e-06	0.0183415914378772	NA
interaction	4257777	4444095	2.50014418642848e-05	0.143698077241423	NA
interaction	4257777	1136492	-3.37024298155698e-06	0.0193707802499972	NA
interaction	4257777	367517	-5.71569890069669e-06	0.0328515029884868	NA
interaction	4257777	182497	-4.9983458255548e-06	0.0287284504797286	NA
interaction	4257777	577562	-1.65032708218896e-06	0.00948540607447026	NA
interaction	4257777	180045	2.08470609752711e-05	0.119820392541463	NA
interaction	4257777	4348111	-3.49057101364379e-06	0.0200623766364368	NA
interaction	4257777	3257594	-5.40454402482029e-07	0.00310631118376706	NA
interaction	4257777	4257777	-3.57010468922992e-06	0.0205195037221348	NA
interaction	4257777	340642	2.90325944150118e-05	0.166867495779393	NA
interaction	4257777	271563	5.36889908520887e-05	0.308582392821855	NA
interaction	4257777	368105	1.01136565847073e-05	0.0581291676292715	NA
interaction	4257777	536212	4.09660473339902e-06	0.0235456109532822	NA
interaction	4257777	581021	4.26299652840915e-05	0.245019630365539	NA
interaction	4257777	938834	1.49562583861301e-05	0.0859624650641839	NA
interaction	4257777	1021808	-3.75170122547187e-06	0.0215632464483872	NA
interaction	4257777	643390	-5.4622238326361e-06	0.0313946318165494	NA
interaction	4257777	3700151	-5.53741029357809e-06	0.0318267728878764	NA
interaction	4257777	1110862	2.69724875080036e-05	0.155026842626034	NA
interaction	340642	367104	8.04743026729736e-05	0.462533426040925	NA
interaction	340642	4479888	0.000138092119723822	0.793697107319747	NA
interaction	340642	105725	3.21393241482159e-06	0.0184723709496728	NA
interaction	340642	4444095	8.3494803231476e-06	0.0479894029678088	NA
interaction	340642	1136492	1.52850547353544e-06	0.0087852252199022	NA
interaction	340642	367517	0	0	NA
interaction	340642	182497	-2.06780144200915e-06	0.0118848781980942	NA
interaction	340642	577562	3.09765301147904e-06	0.0178040444277943	NA
interaction	340642	180045	-3.61897672967126e-06	0.0208004002512393	NA
interaction	340642	4348111	-1.04978184376358e-05	0.0603371730681175	NA
interaction	340642	3257594	8.15764643151765e-05	0.468868201037244	NA
interaction	340642	4257777	-3.17239116942395e-06	0.0182336088365811	NA
interaction	340642	340642	-7.46570204793386e-06	0.0429098063771268	NA
interaction	340642	271563	-2.27389048249577e-05	0.130693938360008	NA
interaction	340642	368105	1.19874576010991e-05	0.0688990106107349	NA
interaction	340642	536212	7.90024063724944e-05	0.45407356722855	NA
interaction	340642	581021	-3.36795732824369e-06	0.0193576432482137	NA
interaction	340642	938834	-6.1074161882657e-06	0.0351029339800051	NA
interaction	340642	1021808	-1.0067558558549e-05	0.057864215001358	NA
interaction	340642	643390	-1.73320891342511e-06	0.0099617769914571	NA
interaction	340642	3700151	-1.58412197840777e-06	0.00910488617611525	NA
interaction	340642	1110862	1.67501824531703e-05	0.0962732079625385	NA
interaction	271563	367104	9.79134085769325e-06	0.0562766284642103	NA
interaction	271563	4479888	-8.37745508390208e-06	0.048150190467727	NA
interaction	271563	105725	1.87821672152582e-06	0.0107952226511985	NA
interaction	271563	4444095	-4.45011631282853e-06	0.0255774511376345	NA
interaction	271563	1136492	3.47223724756695e-05	0.199570016365413	NA
interaction	271563	367517	-7.67567685189975e-08	0.000441166557965655	NA
interaction	271563	182497	3.37857123440011e-07	0.00194186476460791	NA
interaction	271563	577562	1.44552253545056e-05	0.0830827318204095	NA
interaction	271563	180045	-2.5376645116557e-06	0.0145854592302391	NA
interaction	271563	4348111	2.80795527334158e-06	0.0161389801416017	NA
interaction	271563	3257594	6.94170572736836e-06	0.0398980895267316	NA
interaction	271563	4257777	5.71296018141785e-06	0.0328357619485656	NA
interaction	271563	340642	0	0	NA
interaction	271563	271563	-5.45445892421297e-05	0.313500022941236	NA
interaction	271563	368105	1.8136522475146e-06	0.0104241324227278	NA
interaction	271563	536212	-7.56915636765505e-06	0.0435044195561168	NA
interaction	271563	581021	-5.73418684163047e-06	0.0329577641224949	NA
interaction	271563	938834	-1.43577132454287e-06	0.00825222720414027	NA
interaction	271563	1021808	-8.12101701410631e-06	0.0466762891719063	NA
interaction	271563	643390	2.78599488732518e-07	0.0016012760811406	NA
interaction	271563	3700151	2.72471732530414e-07	0.00156605624106792	NA
interaction	271563	1110862	-5.14354525294228e-06	0.029562997488873	NA
interaction	368105	367104	1.06560839240552e-05	0.0612468184483957	NA
interaction	368105	4479888	9.7572708172883e-07	0.00560808077861748	NA
interaction	368105	105725	2.01497928915615e-06	0.0115812780360742	NA
interaction	368105	4444095	-1.00810527279152e-06	0.0057941773975853	NA
interaction	368105	1136492	7.53384747115648e-06	0.0433014784392042	NA
interaction	368105	367517	-6.69328125486737e-07	0.00384702471154064	NA
interaction	368105	182497	-6.59498947109828e-07	0.00379053060846883	NA
interaction	368105	577562	-4.77665860368283e-07	0.00274542828655199	NA
interaction	368105	180045	4.4267618724857e-07	0.00254432193525025	NA
interaction	368105	4348111	-6.57589096509639e-07	0.00377955356720235	NA
interaction	368105	3257594	6.67765887294129e-06	0.0383804560442795	NA
interaction	368105	4257777	0	0	NA
interaction	368105	340642	-1.92646085229463e-06	0.0110725102119438	NA
interaction	368105	271563	-2.42381033125742e-06	0.0139310718993827	NA
interaction	368105	368105	3.40470216402787e-06	0.019568837557702	NA
interaction	368105	536212	3.4800078187139e-06	0.0200016637059909	NA
interaction	368105	581021	-2.28027793902738e-06	0.0131061063275058	NA
interaction	368105	938834	1.12778156863584e-06	0.00648202787027232	NA
interaction	368105	1021808	4.86602138290486e-07	0.00279679036247089	NA
interaction	368105	643390	-7.20332305733293e-07	0.00414017590947915	NA
interaction	368105	3700151	-6.57589096509639e-07	0.00377955356720235	NA
interaction	368105	1110862	-5.6033383446946e-07	0.00322057004006632	NA
interaction	536212	367104	-7.99741763691474e-05	0.459658904298226	NA
interaction	536212	4479888	-5.76648376050755e-05	0.331433936221314	NA
interaction	536212	105725	3.67135879111953e-05	0.211014709475983	NA
interaction	536212	4444095	0.000149055626147608	0.856710864745179	NA
interaction	536212	1136492	-3.75645880677176e-05	0.215905910827018	NA
interaction	536212	367517	-1.75687761554817e-05	0.100978150249572	NA
interaction	536212	182497	-1.74449035828601e-05	0.10026618129173	NA
interaction	536212	577562	-3.20514206846578e-05	0.18421847628799	NA
interaction	536212	180045	0.000237473742886921	1.36490208978397	NA
interaction	536212	4348111	-1.62496074091509e-05	0.0933961070444755	NA
interaction	536212	3257594	-5.05598695070192e-05	0.290597481264258	NA
interaction	536212	4257777	-2.34295949371912e-05	0.134663743047128	NA
interaction	536212	340642	0	0	NA
interaction	536212	271563	0.000299919124082994	1.72381263819126	NA
interaction	536212	368105	5.20465872739009e-05	0.299142527812423	NA
interaction	536212	536212	1.99389922456647e-05	0.114601184339159	NA
interaction	536212	581021	0.000129231303661612	0.742768755353436	NA
interaction	536212	938834	9.80474380097328e-05	0.563536631084189	NA
interaction	536212	1021808	0.000111331555053902	0.63988831061768	NA
interaction	536212	643390	-1.72930005501525e-05	0.099393104696959	NA
interaction	536212	3700151	-1.72546719353186e-05	0.0991728074723088	NA
interaction	536212	1110862	1.70460934327211e-05	0.0979739834228857	NA
interaction	581021	367104	-4.5471277104417e-05	0.261350330316383	NA
interaction	581021	4479888	6.49215634012414e-06	0.0373142632449227	NA
interaction	581021	105725	4.95154427559201e-06	0.028459454284306	NA
interaction	581021	4444095	-1.32729483317914e-05	0.0762874863360502	NA
interaction	581021	1136492	-8.33514801311635e-05	0.479070267030678	NA
interaction	581021	367517	4.13403789345766e-07	0.00237607614695883	NA
interaction	581021	182497	0	0	NA
interaction	581021	577562	-1.27292444637939e-05	0.0731624985515829	NA
interaction	581021	180045	2.19910798104523e-07	0.00126395745588535	NA
interaction	581021	4348111	7.59365548476964e-06	0.0436452304758465	NA
interaction	581021	3257594	-2.83688537588061e-05	0.163052585559356	NA
interaction	581021	4257777	-1.26431015661044e-06	0.00726673843564421	NA
interaction	581021	340642	-3.60536985642253e-06	0.0207221935008557	NA
interaction	581021	271563	7.77708327877887e-06	0.0446994985238591	NA
interaction	581021	368105	-2.38455396431696e-06	0.013705442334518	NA
interaction	581021	536212	4.78943265590469e-06	0.0275277029007653	NA
interaction	581021	581021	-1.37447998148032e-05	0.0789994959561503	NA
interaction	581021	938834	-2.56422267579947e-06	0.0147381047113773	NA
interaction	581021	1021808	8.13972953443289e-07	0.0046783841096546	NA
interaction	581021	643390	1.80161385465466e-06	0.0103549406570512	NA
interaction	581021	3700151	1.84935024534649e-06	0.0106293099351951	NA
interaction	581021	1110862	1.29178506195398e-05	0.0742465297080134	NA
interaction	938834	367104	2.27906720693431e-05	0.13099147533898	NA
interaction	938834	4479888	2.4393579112264e-05	0.140204330394093	NA
interaction	938834	105725	1.91535091362411e-06	0.0110086548217671	NA
interaction	938834	4444095	-1.19226413080423e-05	0.0685264730292328	NA
interaction	938834	1136492	4.56398964993299e-06	0.0262319485734143	NA
interaction	938834	367517	-4.03915361035932e-07	0.00232154053611016	NA
interaction	938834	182497	-1.04345077991043e-06	0.00599732893739172	NA
interaction	938834	577562	9.73264078859382e-06	0.0559392444401482	NA
interaction	938834	180045	-1.00610553460922e-05	0.0578268371920699	NA
interaction	938834	4348111	9.61834825403272e-07	0.00552823376285879	NA
interaction	938834	3257594	4.33385771340031e-05	0.249092441881592	NA
interaction	938834	4257777	-3.42959535163917e-06	0.0197119134337083	NA
interaction	938834	340642	0	0	NA
interaction	938834	271563	4.22893264836973e-06	0.0243061777657836	NA
interaction	938834	368105	-3.97443245262954e-06	0.0228434145786062	NA
interaction	938834	536212	2.72821172055684e-06	0.0156806467674799	NA
interaction	938834	581021	-1.8056329054789e-05	0.103780405198076	NA
interaction	938834	938834	-5.47819928288395e-06	0.0314864521801966	NA
interaction	938834	1021808	-1.67316529157805e-06	0.00961667077490888	NA
interaction	938834	643390	-2.42940417795366e-07	0.00139632230456644	NA
interaction	938834	3700151	-4.63204513257066e-07	0.00266231036937413	NA
interaction	938834	1110862	9.68994729989075e-06	0.0556938597031134	NA
interaction	1021808	367104	1.70954524626599e-07	0.000982576789687347	NA
interaction	1021808	4479888	2.53756871289722e-05	0.145849086180996	NA
interaction	1021808	105725	-5.49739299933879e-07	0.00315967698236609	NA
interaction	1021808	4444095	-1.16498056629265e-06	0.0066958325167246	NA
interaction	1021808	1136492	-2.96062152492425e-06	0.0170164434067673	NA
interaction	1021808	367517	-1.77686648748287e-06	0.0102127028973781	NA
interaction	1021808	182497	-1.65791127219007e-06	0.00952899690121175	NA
interaction	1021808	577562	0	0	NA
interaction	1021808	180045	-7.32062807147362e-07	0.0042075980408678	NA
interaction	1021808	4348111	1.91965221676406e-05	0.110333769555623	NA
interaction	1021808	3257594	1.34448414642216e-06	0.00772754578600649	NA
interaction	1021808	4257777	6.60112827570554e-06	0.0379405894264816	NA
interaction	1021808	340642	2.91991578996161e-05	0.167824834664334	NA
interaction	1021808	271563	-6.43297389216778e-06	0.0369741067041947	NA
interaction	1021808	368105	7.4757643191397e-06	0.0429676402025841	NA
interaction	1021808	536212	1.69179901023849e-06	0.00972376977975419	NA
interaction	1021808	581021	-3.53746060508545e-06	0.0203318788583237	NA
interaction	1021808	938834	4.32145635011835e-06	0.0248379662167341	NA
interaction	1021808	1021808	-1.42194436480381e-06	0.00817275548649361	NA
interaction	1021808	643390	-1.68998575077665e-06	0.00971334790490315	NA
interaction	1021808	3700151	-1.70536291699055e-06	0.00980172957626247	NA
interaction	1021808	1110862	6.47653265295058e-06	0.0372244646717665	NA
interaction	643390	367104	1.66312867726284e-06	0.00955898441478063	NA
interaction	643390	4479888	-1.34068874468293e-06	0.00770573136685232	NA
interaction	643390	105725	6.33906941952317e-07	0.00364343821460412	NA
interaction	643390	4444095	5.14063060113021e-07	0.00295462452606017	NA
interaction	643390	1136492	6.67928290384448e-07	0.00383897903106565	NA
interaction	643390	367517	-6.6977776999316e-07	0.00384960908452864	NA
interaction	643390	182497	-6.04630039575447e-07	0.0034751665364354	NA
interaction	643390	577562	-3.95938335449394e-07	0.00227569185085778	NA
interaction	643390	180045	2.75508250215682e-08	0.000158350890460833	NA
interaction	643390	4348111	0	0	NA
interaction	643390	3257594	1.72332097225554e-06	0.0099049451438518	NA
interaction	643390	4257777	1.73187573801551e-06	0.00995411444367187	NA
interaction	643390	340642	-6.79458742162177e-06	0.0390525135884494	NA
interaction	643390	271563	1.77017980581644e-06	0.0101742705820017	NA
interaction	643390	368105	8.79658532584427e-07	0.00505591799255255	NA
interaction	643390	536212	-1.42084341362602e-06	0.00816642766875238	NA
interaction	643390	581021	-2.20323638218074e-07	0.00126633029225404	NA
interaction	643390	938834	1.73904952273675e-06	0.00999534642847428	NA
interaction	643390	1021808	-3.63931662830263e-07	0.00209173056817532	NA
interaction	643390	643390	-6.69530785604157e-07	0.00384818951912913	NA
interaction	643390	3700151	-6.6977776999316e-07	0.00384960908452864	NA
interaction	643390	1110862	-9.55146054040936e-08	0.000548978943676381	NA
interaction	3700151	367104	2.56196050359583e-06	0.0147251026694224	NA
interaction	3700151	4479888	-1.12608612031086e-06	0.0064722831257218	NA
interaction	3700151	105725	3.67308750898077e-07	0.00211114069118559	NA
interaction	3700151	4444095	2.83061358179097e-06	0.0162692108449105	NA
interaction	3700151	1136492	5.59532612087209e-06	0.0321596494103254	NA
interaction	3700151	367517	-1.65305987892903e-06	0.00950111307405737	NA
interaction	3700151	182497	-1.32496312911709e-06	0.00761534695092485	NA
interaction	3700151	577562	-1.52192554641971e-06	0.00874740648608471	NA
interaction	3700151	180045	-1.15597900044826e-06	0.0066440951924926	NA
interaction	3700151	4348111	0	0	NA
interaction	3700151	3257594	7.00466268401977e-07	0.00402599404019286	NA
interaction	3700151	4257777	2.26753233199004e-06	0.0130328497835639	NA
interaction	3700151	340642	-2.45937932765679e-07	0.00141355079643002	NA
interaction	3700151	271563	1.74288508246894e-05	0.100173916593714	NA
interaction	3700151	368105	4.29800861013908e-07	0.00247031981833955	NA
interaction	3700151	536212	-3.96515644007945e-06	0.0227900998467939	NA
interaction	3700151	581021	-3.81526947883822e-06	0.021928610807448	NA
interaction	3700151	938834	1.05946605676025e-06	0.00608937820808185	NA
interaction	3700151	1021808	-3.77762442359519e-07	0.00217122424041602	NA
interaction	3700151	643390	-1.9030349535207e-06	0.0109378677129335	NA
interaction	3700151	3700151	-1.98093123153311e-06	0.0113855837060914	NA
interaction	3700151	1110862	3.07683263394141e-07	0.00176843774007548	NA
interaction	1110862	367104	7.47026781022261e-05	0.429360485141042	NA
interaction	1110862	4479888	-1.12426176029302e-05	0.0646179744940829	NA
interaction	1110862	105725	3.16013329766564e-05	0.181631555958319	NA
interaction	1110862	4444095	-6.57232860465674e-06	0.0377750606790853	NA
interaction	1110862	1136492	2.70862191592563e-06	0.0155680525709403	NA
interaction	1110862	367517	-2.68206482070795e-06	0.0154154132335527	NA
interaction	1110862	182497	-1.20870953905046e-05	0.0694716879321418	NA
interaction	1110862	577562	-0.000112487422933327	0.646531767131913	NA
interaction	1110862	180045	2.45833780380447e-05	0.141295217105556	NA
interaction	1110862	4348111	-1.15978108004035e-05	0.0666594799321774	NA
interaction	1110862	3257594	5.19444309772052e-05	0.298555375139671	NA
interaction	1110862	4257777	2.40063972424542e-06	0.0137978967131588	NA
interaction	1110862	340642	1.12704571929004e-05	0.0647779850875369	NA
interaction	1110862	271563	1.80561375754571e-05	0.103779304653077	NA
interaction	1110862	368105	-8.0884249177406e-06	0.0464889631126157	NA
interaction	1110862	536212	3.12153497271281e-05	0.179413081875677	NA
interaction	1110862	581021	-3.00555214764374e-05	0.172746862764825	NA
interaction	1110862	938834	-5.05727639598624e-06	0.0290671593313103	NA
interaction	1110862	1021808	0	0	NA
interaction	1110862	643390	-3.39099582272702e-06	0.0194900591055776	NA
interaction	1110862	3700151	-2.76855772161692e-06	0.0159125391042573	NA
interaction	1110862	1110862	3.3727952002066e-05	0.193854493604685	NA
