mass
1287266.66666667
1222920
1539813.33333333
1841706.66666667
2246880
2529853.33333333
2576533.33333333
2710200
2779360
2318720
2181853.33333333
1932506.66666667
1732640
1274293.33333333
762893.333333333
399120
427853.333333333
458813.333333333
456120
575240
813813.333333333
1253546.66666667
1359746.66666667
1197373.33333333
1244826.66666667
1119053.33333333
1187360
877973.333333333
832360
748733.333333333
859053.333333333
1001906.66666667
1133386.66666667
1191080
1323826.66666667
1627280
1783000
1837120
1817586.66666667
1691440
1656080
1490333.33333333
1044840
837426.666666667
868266.666666667
1046240
883573.333333333
744026.666666667
822586.666666667
1019226.66666667
1142493.33333333
987346.666666667
981013.333333333
737266.666666667
857000
739040
638133.333333333
