parameter_type	source_taxon	target_taxon	value	significance	MCMC_std
growth_rate	NA	552961	0.00933328577093602	10000	NA
growth_rate	NA	682726	0.0324144441919159	10000	NA
growth_rate	NA	191922	0.0123613918350857	10000	NA
growth_rate	NA	1111783	0.000422795679906923	10000	NA
growth_rate	NA	529021	0.0386883144134234	10000	NA
growth_rate	NA	188634	0.0532743211455741	10000	NA
growth_rate	NA	181765	0.0061356989071652	10000	NA
growth_rate	NA	593352	0.0354795614209482	10000	NA
growth_rate	NA	302439	0.0067028235305698	10000	NA
growth_rate	NA	574965	0.0398350394761808	10000	NA
growth_rate	NA	319438	0.0126783388422133	10000	NA
growth_rate	NA	1809696	0.021081219769064	10000	NA
growth_rate	NA	4385756	0.00433301836983094	10000	NA
growth_rate	NA	4310872	0.0320064250250392	10000	NA
growth_rate	NA	4407174	0.0306271364337122	10000	NA
growth_rate	NA	4459708	0.0332245334722685	10000	NA
growth_rate	NA	310391	0.0319608749395773	10000	NA
growth_rate	NA	177224	0.0209486965639864	10000	NA
growth_rate	NA	1073276	0.033182073834315	10000	NA
growth_rate	NA	586030	0.000253464608443612	10000	NA
growth_rate	NA	1106789	0.0514854112519738	10000	NA
growth_rate	NA	851715	0.0201396831284975	10000	NA
growth_rate	NA	328438	0.034743029186593	10000	NA
growth_rate	NA	316489	0.0371019811129491	10000	NA
growth_rate	NA	198583	0.0506193854036459	10000	NA
growth_rate	NA	3924208	0.036185777519978	10000	NA
growth_rate	NA	365868	0.032699434983843	10000	NA
interaction	552961	552961	-5.04108509813928e-06	0.293775916336836	NA
interaction	552961	682726	6.08256054392147e-06	0.354469278474268	NA
interaction	552961	191922	9.12808281016552e-07	0.0531951125551265	NA
interaction	552961	1111783	5.69495529861852e-06	0.331881069011613	NA
interaction	552961	529021	6.34877147783694e-06	0.369983073525807	NA
interaction	552961	188634	-2.21987300680496e-05	1.29366042038499	NA
interaction	552961	181765	5.97261428661607e-06	0.348062014589828	NA
interaction	552961	593352	-9.12808281016552e-07	0.0531951125551265	NA
interaction	552961	302439	-5.80083970336275e-06	0.338051623053837	NA
interaction	552961	574965	-1.83908476130899e-05	1.07175102275913	NA
interaction	552961	319438	1.01204552210411e-06	0.0589782943240672	NA
interaction	552961	1809696	-1.54497358878901e-05	0.900353838363554	NA
interaction	552961	4385756	-1.57482542039274e-06	0.0917750388933502	NA
interaction	552961	4310872	6.84884367999336e-06	0.399125443980396	NA
interaction	552961	4407174	-2.40853572040538e-05	1.40360611756636	NA
interaction	552961	4459708	6.70127611608008e-06	0.390525748584217	NA
interaction	552961	310391	5.69218372054362e-06	0.331719551625415	NA
interaction	552961	177224	-1.57171935583968e-05	0.91594028864257	NA
interaction	552961	1073276	-1.32703771670888e-05	0.773348820045892	NA
interaction	552961	586030	5.56979399170226e-06	0.324587127942693	NA
interaction	552961	1106789	-2.3334456797311e-05	1.35984640100257	NA
interaction	552961	851715	-9.27520043630754e-06	0.540524600227406	NA
interaction	552961	328438	5.33161565574901e-06	0.310706969696192	NA
interaction	552961	316489	1.56705682342288e-05	0.91322313607218	NA
interaction	552961	198583	-2.57689204570536e-05	1.50171799779302	NA
interaction	552961	3924208	1.14124070920874e-05	0.665073151081007	NA
interaction	552961	365868	8.10731246186514e-06	0.472464380415361	NA
interaction	682726	552961	-6.85463842106181e-08	0.00399463140197416	NA
interaction	682726	682726	-3.41313146076358e-08	0.00198904760174354	NA
interaction	682726	191922	-4.70555978904184e-07	0.0274222734191452	NA
interaction	682726	1111783	2.7201860791582e-08	0.00158522449523094	NA
interaction	682726	529021	-5.87405253801091e-08	0.00342318198040702	NA
interaction	682726	188634	2.68699400499913e-06	0.156588137403507	NA
interaction	682726	181765	-8.10243738326681e-07	0.0472180278747852	NA
interaction	682726	593352	6.22586816098938e-08	0.00362820719821234	NA
interaction	682726	302439	1.23085178763479e-06	0.07172951948792	NA
interaction	682726	574965	6.71481104831819e-07	0.0391314514701709	NA
interaction	682726	319438	-2.67653644412522e-06	0.155978709181493	NA
interaction	682726	1809696	8.69084940396764e-07	0.050647076922753	NA
interaction	682726	4385756	6.65132136329275e-07	0.0387614569147691	NA
interaction	682726	4310872	-1.55384594812189e-07	0.00905524323372919	NA
interaction	682726	4407174	-2.00840497731287e-07	0.0117042462307041	NA
interaction	682726	4459708	-1.32047674044486e-07	0.0076952532415859	NA
interaction	682726	310391	3.41313146076358e-08	0.00198904760174354	NA
interaction	682726	177224	4.85190060653198e-07	0.0282750939313701	NA
interaction	682726	1073276	-1.74188701069242e-06	0.10151077451763	NA
interaction	682726	586030	6.15354572198037e-08	0.0035860603382051	NA
interaction	682726	1106789	1.10265958642914e-07	0.00642589490366637	NA
interaction	682726	851715	-2.35494901347278e-07	0.0137237775377935	NA
interaction	682726	328438	8.87179744427856e-08	0.00517015756133487	NA
interaction	682726	316489	-1.31883477214532e-07	0.00768568445366816	NA
interaction	682726	198583	1.95601924804616e-06	0.113989614493783	NA
interaction	682726	3924208	6.72442372331579e-08	0.00391874706079337	NA
interaction	682726	365868	-3.54519847686464e-07	0.0206601140599926	NA
interaction	191922	552961	-7.265046627874e-07	0.0423380222468635	NA
interaction	191922	682726	1.42693776458391e-06	0.0831566897176573	NA
interaction	191922	191922	9.01749450977339e-08	0.00525506445754881	NA
interaction	191922	1111783	1.38214658170894e-06	0.080546424162378	NA
interaction	191922	529021	-1.98288089994671e-07	0.0115555012864923	NA
interaction	191922	188634	-3.57478119134713e-06	0.20832511249995	NA
interaction	191922	181765	5.00087090451059e-07	0.0291432380896942	NA
interaction	191922	593352	-2.59902945343295e-06	0.151461886559011	NA
interaction	191922	302439	-9.01749450977339e-08	0.00525506445754881	NA
interaction	191922	574965	-3.21149776292759e-06	0.187154289156117	NA
interaction	191922	319438	-1.37158158632139e-07	0.00799307350516708	NA
interaction	191922	1809696	-2.68571476952489e-06	0.156513588260547	NA
interaction	191922	4385756	4.83129872857498e-07	0.0281550337566805	NA
interaction	191922	4310872	1.51433290969203e-06	0.0882497576460299	NA
interaction	191922	4407174	-7.24715160456352e-06	0.422337366264353	NA
interaction	191922	4459708	1.49444366996157e-06	0.0870906858364278	NA
interaction	191922	310391	1.38808827844441e-06	0.0808926844156922	NA
interaction	191922	177224	-2.01460798067925e-06	0.117403950550647	NA
interaction	191922	1073276	-1.59276960052432e-06	0.0928207597765413	NA
interaction	191922	586030	1.37569088632797e-06	0.0801702099566636	NA
interaction	191922	1106789	-5.30021455929378e-06	0.308877029176338	NA
interaction	191922	851715	1.53223579463162e-07	0.00892930719971688	NA
interaction	191922	328438	1.35886682491459e-06	0.0791897654765563	NA
interaction	191922	316489	2.40574931017175e-06	0.140198230006728	NA
interaction	191922	198583	-5.49467236458339e-06	0.320209315544385	NA
interaction	191922	3924208	2.16732193961395e-06	0.126303558938538	NA
interaction	191922	365868	1.65849915140124e-06	0.0966512364821227	NA
interaction	1111783	552961	-1.11940083033999e-07	0.00652345672170319	NA
interaction	1111783	682726	8.59581793123032e-08	0.00500932684184183	NA
interaction	1111783	191922	2.37715030843514e-08	0.00138531585270936	NA
interaction	1111783	1111783	4.7761254889865e-08	0.00278335043894544	NA
interaction	1111783	529021	1.42604979087657e-06	0.083104941872803	NA
interaction	1111783	188634	-1.21390512273962e-07	0.00707419301273931	NA
interaction	1111783	181765	-2.43139943385463e-08	0.00141693024965034	NA
interaction	1111783	593352	-1.9406142516914e-08	0.00113091867911017	NA
interaction	1111783	302439	-3.87539088727515e-08	0.00225843541005271	NA
interaction	1111783	574965	4.7761254889865e-08	0.00278335043894544	NA
interaction	1111783	319438	5.32626850881933e-08	0.0031039535762092	NA
interaction	1111783	1809696	-6.483898509198e-07	0.0377857780396878	NA
interaction	1111783	4385756	-7.846152382357e-08	0.00457244930599601	NA
interaction	1111783	4310872	1.61778926464162e-07	0.00942788138679535	NA
interaction	1111783	4407174	-9.80954592348268e-09	0.000571664291797634	NA
interaction	1111783	4459708	1.46421021402544e-07	0.00853287911155978	NA
interaction	1111783	310391	4.928511704211e-08	0.00287215552583279	NA
interaction	1111783	177224	-2.99314873414062e-07	0.0174429710069597	NA
interaction	1111783	1073276	-2.90377983728299e-08	0.00169221619141703	NA
interaction	1111783	586030	3.03075257530262e-08	0.00176621123759326	NA
interaction	1111783	1106789	-3.64492472386029e-07	0.0212412819836366	NA
interaction	1111783	851715	-6.02007511688445e-08	0.00350827857385726	NA
interaction	1111783	328438	9.80954592348267e-09	0.000571664291797634	NA
interaction	1111783	316489	2.5675110702489e-07	0.0149625110999565	NA
interaction	1111783	198583	-2.94728609175599e-07	0.0171757003791113	NA
interaction	1111783	3924208	2.08456581567518e-07	0.0121480836118094	NA
interaction	1111783	365868	2.86130525630611e-07	0.0166746356632821	NA
interaction	529021	552961	-1.26555516953932e-07	0.00737519050696972	NA
interaction	529021	682726	-4.82381484976909e-09	0.000281114204609089	NA
interaction	529021	191922	4.13957385393322e-06	0.241239153576701	NA
interaction	529021	1111783	-6.36933683425987e-09	0.000371181546931894	NA
interaction	529021	529021	-2.1668912219813e-06	0.126278458297554	NA
interaction	529021	188634	-9.17565002959971e-06	0.534723168316826	NA
interaction	529021	181765	4.9670615434092e-06	0.289462095562542	NA
interaction	529021	593352	2.55918842753866e-06	0.149140097963493	NA
interaction	529021	302439	1.59865928800326e-06	0.0931639891214896	NA
interaction	529021	574965	-2.78880394500348e-06	0.162521246612081	NA
interaction	529021	319438	1.52482748090185e-06	0.0888613426944286	NA
interaction	529021	1809696	1.65774011880529e-07	0.00966070028514531	NA
interaction	529021	4385756	6.01567535587554e-07	0.03505714554808	NA
interaction	529021	4310872	1.00862348918083e-09	5.87788708193652e-05	NA
interaction	529021	4407174	-2.20030907961113e-06	0.128225928248189	NA
interaction	529021	4459708	-3.48952399864768e-09	0.00020335663658217	NA
interaction	529021	310391	-1.00862348918083e-09	5.87788708193652e-05	NA
interaction	529021	177224	4.06176500942407e-07	0.0236704740022916	NA
interaction	529021	1073276	-1.32755312262587e-06	0.0773649179676015	NA
interaction	529021	586030	-9.3942703837087e-08	0.00547463559246144	NA
interaction	529021	1106789	-6.23947169609741e-06	0.363613483861908	NA
interaction	529021	851715	5.44669484546064e-07	0.0317413362020597	NA
interaction	529021	328438	-2.44215657635075e-08	0.00142319911703195	NA
interaction	529021	316489	4.00811101634835e-06	0.233577982455033	NA
interaction	529021	198583	-1.45198500404813e-05	0.846163507989641	NA
interaction	529021	3924208	3.11961247450561e-06	0.181799552174191	NA
interaction	529021	365868	9.05650502236798e-09	0.000527779835086966	NA
interaction	188634	552961	-4.53590752466742e-06	0.264336023601382	NA
interaction	188634	682726	1.46041651157303e-07	0.00851077080764171	NA
interaction	188634	191922	-1.43389283589628e-06	0.0835620057177251	NA
interaction	188634	1111783	2.05476638999105e-07	0.011974423508553	NA
interaction	188634	529021	1.16449996188893e-06	0.0678627788894907	NA
interaction	188634	188634	-1.34119996174599e-06	0.0781602056069817	NA
interaction	188634	181765	-4.5063446790603e-06	0.262613209586408	NA
interaction	188634	593352	-2.45404704642604e-08	0.00143012844608321	NA
interaction	188634	302439	-1.64427312045698e-06	0.0958221956714392	NA
interaction	188634	574965	4.33357180462205e-07	0.0252544641308324	NA
interaction	188634	319438	1.30992398490893e-07	0.00763375565987297	NA
interaction	188634	1809696	-3.47590638817587e-07	0.0202563052281014	NA
interaction	188634	4385756	-2.2797068042971e-07	0.0132852935900428	NA
interaction	188634	4310872	2.45404704642605e-08	0.00143012844608322	NA
interaction	188634	4407174	-7.35234008450608e-06	0.428467364366272	NA
interaction	188634	4459708	5.04204038527953e-08	0.00293831586961221	NA
interaction	188634	310391	2.11816027105586e-07	0.0123438597536749	NA
interaction	188634	177224	-1.82096193815731e-06	0.106118970733924	NA
interaction	188634	1073276	2.92917224063222e-08	0.00170701395105943	NA
interaction	188634	586030	2.34266181400719e-07	0.0136521722541702	NA
interaction	188634	1106789	-6.7570229797888e-07	0.0393774470962456	NA
interaction	188634	851715	8.77141048614064e-07	0.0511165573079422	NA
interaction	188634	328438	3.14536806683115e-07	0.0183300493457453	NA
interaction	188634	316489	2.04945765218385e-06	0.119434861352784	NA
interaction	188634	198583	-2.62353791952385e-07	0.0152890149907813	NA
interaction	188634	3924208	1.56890642578833e-06	0.0914301016368167	NA
interaction	188634	365868	-1.72796878180675e-07	0.0100699671279919	NA
interaction	181765	552961	8.9635819497187e-07	0.0522364619853553	NA
interaction	181765	682726	-2.21382741198201e-08	0.00129013726986414	NA
interaction	181765	191922	1.03954976326478e-07	0.00605811404361287	NA
interaction	181765	1111783	8.42633529201733e-08	0.00491055858725244	NA
interaction	181765	529021	-5.20601212407757e-06	0.30338725739347	NA
interaction	181765	188634	-7.89687129306356e-07	0.0460200642351804	NA
interaction	181765	181765	-8.6757653992441e-07	0.0505591728857567	NA
interaction	181765	593352	-2.19545487518668e-06	0.127943043050832	NA
interaction	181765	302439	1.43694507416125e-06	0.0837398789485305	NA
interaction	181765	574965	-7.51756258224855e-07	0.0438095924433959	NA
interaction	181765	319438	2.21382741198201e-08	0.00129013726986414	NA
interaction	181765	1809696	1.07729174650469e-06	0.0627806045385631	NA
interaction	181765	4385756	6.89916725162632e-07	0.0402058116824041	NA
interaction	181765	4310872	-2.32494531687876e-07	0.0135489270187325	NA
interaction	181765	4407174	1.13831718223253e-06	0.0663369426982619	NA
interaction	181765	4459708	-1.8982389566965e-07	0.0110622391424345	NA
interaction	181765	310391	8.29374893523304e-08	0.00483329213032941	NA
interaction	181765	177224	1.08204588694332e-06	0.0630576583745056	NA
interaction	181765	1073276	2.82225990971026e-07	0.0164470937303138	NA
interaction	181765	586030	8.20478547498081e-08	0.00478144749460656	NA
interaction	181765	1106789	-7.43411948520738e-07	0.0433233167345351	NA
interaction	181765	851715	6.47439973102151e-07	0.0377304226507477	NA
interaction	181765	328438	1.69020772001407e-07	0.00984990953495323	NA
interaction	181765	316489	-6.33054080499003e-07	0.0368920656899868	NA
interaction	181765	198583	-5.95603235341326e-07	0.0347095680452145	NA
interaction	181765	3924208	-3.32575213523502e-07	0.019381261415295	NA
interaction	181765	365868	-5.77960716319718e-07	0.0336814268630758	NA
interaction	593352	552961	-1.55133175731303e-06	0.0904059145352042	NA
interaction	593352	682726	8.09249363163816e-07	0.0471600793440688	NA
interaction	593352	191922	8.12619209914533e-06	0.473564616303889	NA
interaction	593352	1111783	1.26684035946132e-06	0.0738268012159934	NA
interaction	593352	529021	2.33428729280376e-05	1.36033686217671	NA
interaction	593352	188634	-2.75319423327385e-06	0.160446043458355	NA
interaction	593352	181765	-4.10760483734407e-06	0.239376116758233	NA
interaction	593352	593352	6.48834140966271e-06	0.378116696310775	NA
interaction	593352	302439	-7.27592706080403e-07	0.042401429412026	NA
interaction	593352	574965	-4.26151081378544e-06	0.248345191546411	NA
interaction	593352	319438	-4.72892775525898e-06	0.275584533398314	NA
interaction	593352	1809696	-9.62437920686541e-06	0.560873455937831	NA
interaction	593352	4385756	-7.71386893716513e-07	0.0449535937481874	NA
interaction	593352	4310872	-8.80404371779136e-08	0.00513067317911058	NA
interaction	593352	4407174	8.15805161536101e-07	0.0475421271842944	NA
interaction	593352	4459708	8.80404371779139e-08	0.0051306731791106	NA
interaction	593352	310391	1.30228266075276e-06	0.0758922483045226	NA
interaction	593352	177224	-1.11959038088749e-05	0.652456135264478	NA
interaction	593352	1073276	-1.3208466578595e-06	0.0769740898435436	NA
interaction	593352	586030	1.30197690136716e-06	0.0758744297710256	NA
interaction	593352	1106789	1.20937223251053e-05	0.704777699406911	NA
interaction	593352	851715	-1.09029740335586e-05	0.63538526431297	NA
interaction	593352	328438	1.70659237296685e-06	0.0994539327191379	NA
interaction	593352	316489	1.08978847994115e-05	0.63508868244698	NA
interaction	593352	198583	1.62223346240936e-06	0.094537805383904	NA
interaction	593352	3924208	7.58929495298214e-06	0.442276223423764	NA
interaction	593352	365868	-1.56590146617605e-06	0.0912549836321675	NA
interaction	302439	552961	3.14987113721246e-07	0.0183562915852998	NA
interaction	302439	682726	-3.54029865358475e-06	0.206315596903299	NA
interaction	302439	191922	-4.81834716908698e-07	0.0280795568269619	NA
interaction	302439	1111783	-3.38219711811101e-06	0.197102020351059	NA
interaction	302439	529021	1.54226317207743e-06	0.0898774307096781	NA
interaction	302439	188634	6.2554351554403e-06	0.364543775615581	NA
interaction	302439	181765	-8.04525325132182e-06	0.468847797657963	NA
interaction	302439	593352	6.38779416605045e-06	0.372257172408225	NA
interaction	302439	302439	6.67411565914694e-06	0.388942936953719	NA
interaction	302439	574965	1.27517287692569e-05	0.74312389716452	NA
interaction	302439	319438	-3.14987113721245e-07	0.0183562915852998	NA
interaction	302439	1809696	2.82627607948208e-05	1.64704984920251	NA
interaction	302439	4385756	6.58914384214758e-06	0.383991091683143	NA
interaction	302439	4310872	-3.85285645979975e-06	0.224530317373487	NA
interaction	302439	4407174	4.55493385763867e-06	0.26544480837576	NA
interaction	302439	4459708	-3.78943449327763e-06	0.220834318205015	NA
interaction	302439	310391	-3.38150964194879e-06	0.197061956766417	NA
interaction	302439	177224	2.08082328804732e-05	1.21262735359648	NA
interaction	302439	1073276	3.37618586891343e-06	0.19675170683582	NA
interaction	302439	586030	-3.3314149270926e-06	0.194142620854801	NA
interaction	302439	1106789	-5.43660834022704e-06	0.316825557557878	NA
interaction	302439	851715	2.88212555176815e-05	1.67959686949348	NA
interaction	302439	328438	-3.22695304571549e-06	0.188054966247431	NA
interaction	302439	316489	-5.64887729799376e-06	0.329195812446215	NA
interaction	302439	198583	1.38616154164664e-06	0.0807804012748038	NA
interaction	302439	3924208	-4.0596833149059e-06	0.236583426515466	NA
interaction	302439	365868	-4.3790654389344e-06	0.255195843152255	NA
interaction	574965	552961	-7.72479635745333e-07	0.045017274738408	NA
interaction	574965	682726	-4.55803663923724e-08	0.00265625627086329	NA
interaction	574965	191922	1.89796913164576e-07	0.0110606667011845	NA
interaction	574965	1111783	-7.55573577582154e-08	0.00440320517890147	NA
interaction	574965	529021	1.49421804716563e-05	0.870775373689183	NA
interaction	574965	188634	-2.7888008849978e-05	1.62521068286194	NA
interaction	574965	181765	-1.33721581261176e-05	0.779280240349701	NA
interaction	574965	593352	-5.92402782046263e-06	0.345230573870633	NA
interaction	574965	302439	1.9553052697195e-06	0.113948006460378	NA
interaction	574965	574965	-6.91531120298806e-06	0.402998926989365	NA
interaction	574965	319438	-1.12016465164413e-06	0.0652790799160191	NA
interaction	574965	1809696	2.04584901415502e-06	0.119224563188201	NA
interaction	574965	4385756	1.41159029691675e-06	0.0822622956954193	NA
interaction	574965	4310872	1.37003272083389e-08	0.000798404728622782	NA
interaction	574965	4407174	1.07076412172065e-06	0.062400198551538	NA
interaction	574965	4459708	8.79696492964272e-09	0.000512654792148363	NA
interaction	574965	310391	-2.88847481003759e-08	0.001683296983913	NA
interaction	574965	177224	2.16745231496293e-06	0.126311156734819	NA
interaction	574965	1073276	-8.79696492964273e-09	0.000512654792148364	NA
interaction	574965	586030	-4.50888618407715e-08	0.00262761319160173	NA
interaction	574965	1106789	-9.0404961077041e-06	0.526846894364209	NA
interaction	574965	851715	4.54709470623156e-07	0.0264987971436273	NA
interaction	574965	328438	-7.93881873475882e-08	0.00462645185120297	NA
interaction	574965	316489	5.08242386192286e-06	0.296184987593189	NA
interaction	574965	198583	-2.31469427899911e-05	1.3489187736656	NA
interaction	574965	3924208	3.44185223909624e-06	0.200578501602703	NA
interaction	574965	365868	1.11046075775482e-07	0.00647135726365609	NA
interaction	319438	552961	7.23029517249658e-08	0.004213550353415	NA
interaction	319438	682726	-3.4562014947575e-08	0.0020141472349711	NA
interaction	319438	191922	-6.85224294252724e-08	0.00399323540510472	NA
interaction	319438	1111783	-9.70842541897662e-09	0.000565771360356609	NA
interaction	319438	529021	-1.03272901714422e-06	0.0601836524146692	NA
interaction	319438	188634	1.40164067392506e-06	0.0816824682267917	NA
interaction	319438	181765	-1.55851370940663e-07	0.0090824452313541	NA
interaction	319438	593352	1.42431748839171e-07	0.00830039896492329	NA
interaction	319438	302439	6.46689224598009e-08	0.00376866717865093	NA
interaction	319438	574965	4.7609779921808e-07	0.027745230343933	NA
interaction	319438	319438	-2.74642610036167e-07	0.0160051621541355	NA
interaction	319438	1809696	3.89339186509634e-08	0.00226892571849113	NA
interaction	319438	4385756	2.34206117524673e-08	0.00136486719521755	NA
interaction	319438	4310872	-8.36982120680465e-08	0.00487762425496866	NA
interaction	319438	4407174	3.2564542652549e-07	0.0189774188921622	NA
interaction	319438	4459708	-7.50664769795819e-08	0.00437459845083643	NA
interaction	319438	310391	-9.33140047533466e-09	0.000543799731998035	NA
interaction	319438	177224	-9.70842541897662e-09	0.000565771360356609	NA
interaction	319438	1073276	1.86497437797651e-08	0.00108683854005361	NA
interaction	319438	586030	-1.02749154100566e-08	0.000598784315501245	NA
interaction	319438	1106789	2.28533233345849e-06	0.133180771069264	NA
interaction	319438	851715	2.57672053271544e-08	0.00150161804632465	NA
interaction	319438	328438	9.33140047533466e-09	0.000543799731998035	NA
interaction	319438	316489	-1.66759029758943e-07	0.00971810350770668	NA
interaction	319438	198583	2.52075856291633e-06	0.146900546661673	NA
interaction	319438	3924208	-1.11346125036595e-07	0.00648884303207968	NA
interaction	319438	365868	-1.64393812600469e-07	0.00958026734256781	NA
interaction	1809696	552961	-5.27802332688904e-07	0.0307583805692221	NA
interaction	1809696	682726	-4.80131620193718e-08	0.00279803066083456	NA
interaction	1809696	191922	1.26900353647229e-07	0.00739528632237211	NA
interaction	1809696	1111783	-6.0995019026712e-08	0.00355456558612136	NA
interaction	1809696	529021	7.24301972911508e-06	0.422096575745561	NA
interaction	1809696	188634	2.81735614521746e-08	0.00164185163927103	NA
interaction	1809696	181765	4.82107939495188e-07	0.0280954792353616	NA
interaction	1809696	593352	1.17806524666471e-06	0.0686533138413495	NA
interaction	1809696	302439	-4.14557945435307e-07	0.024158913790193	NA
interaction	1809696	574965	7.28892383399731e-07	0.0424771698306054	NA
interaction	1809696	319438	3.61638828223358e-08	0.00210749820873905	NA
interaction	1809696	1809696	-8.15171377211199e-07	0.0475051925626438	NA
interaction	1809696	4385756	-7.40222438480753e-07	0.0431374438090794	NA
interaction	1809696	4310872	-2.15208838952449e-08	0.00125415803614144	NA
interaction	1809696	4407174	-6.0995019026712e-08	0.00355456558612136	NA
interaction	1809696	4459708	-2.33111982735044e-08	0.00135849097969725	NA
interaction	1809696	310391	-5.78793876933658e-08	0.00337299804022546	NA
interaction	1809696	177224	-9.85783555886044e-07	0.0574478434309911	NA
interaction	1809696	1073276	2.55577629497652e-08	0.0014894125141546	NA
interaction	1809696	586030	-1.04068592858202e-07	0.00606473519760425	NA
interaction	1809696	1106789	9.89002753706656e-07	0.0576354464512156	NA
interaction	1809696	851715	7.14766901436186e-08	0.00416539886450564	NA
interaction	1809696	328438	-8.06779346051197e-08	0.00470161358226839	NA
interaction	1809696	316489	-2.82595830545958e-07	0.0164686466217862	NA
interaction	1809696	198583	4.54750105035196e-07	0.0265011651678521	NA
interaction	1809696	3924208	6.36693484741069e-08	0.00371041567964289	NA
interaction	1809696	365868	2.15208838952449e-08	0.00125415803614144	NA
interaction	4385756	552961	2.04914045709804e-06	0.119416376388698	NA
interaction	4385756	682726	-1.38737559821782e-06	0.0808511520307897	NA
interaction	4385756	191922	-5.94201880254849e-07	0.0346279022199749	NA
interaction	4385756	1111783	-1.35485562494927e-06	0.0789560074815048	NA
interaction	4385756	529021	-1.52223062434088e-06	0.0887100074360581	NA
interaction	4385756	188634	1.74551515028531e-05	1.01722209161709	NA
interaction	4385756	181765	-1.32957576675234e-06	0.0774827902352006	NA
interaction	4385756	593352	6.68813632837161e-06	0.389760010037975	NA
interaction	4385756	302439	1.36545114823195e-06	0.079573475645767	NA
interaction	4385756	574965	1.14863059917241e-05	0.669379707414493	NA
interaction	4385756	319438	8.59477931926783e-08	0.0050087215769533	NA
interaction	4385756	1809696	1.34545169319326e-06	0.0784079808929817	NA
interaction	4385756	4385756	-8.59477931926783e-08	0.0050087215769533	NA
interaction	4385756	4310872	-1.45299325739004e-06	0.0846751080989608	NA
interaction	4385756	4407174	4.0634252342904e-06	0.236801491827723	NA
interaction	4385756	4459708	-1.43984780537798e-06	0.0839090394579197	NA
interaction	4385756	310391	-1.3581053920962e-06	0.079145391969742	NA
interaction	4385756	177224	1.86435564159655e-06	0.108647796322649	NA
interaction	4385756	1073276	4.87467587841246e-06	0.284078198472444	NA
interaction	4385756	586030	-1.36297326253544e-06	0.0794290735722256	NA
interaction	4385756	1106789	1.36392725462745e-05	0.794846687259579	NA
interaction	4385756	851715	9.88607343100178e-08	0.0057612403373984	NA
interaction	4385756	328438	-1.3312844078475e-06	0.0775823635599213	NA
interaction	4385756	316489	-4.54122308233905e-06	0.264645794770768	NA
interaction	4385756	198583	1.54725925012986e-05	0.901685837807664	NA
interaction	4385756	3924208	-3.67672271047605e-06	0.214265889656425	NA
interaction	4385756	365868	-1.56001991259379e-06	0.0909122283008302	NA
interaction	4310872	552961	-1.10405084191491e-06	0.0643400262942849	NA
interaction	4310872	682726	4.89189794817311e-06	0.285081837416572	NA
interaction	4310872	191922	-7.59432410870124e-07	0.0442569304139724	NA
interaction	4310872	1111783	4.88536848359648e-06	0.284701324213195	NA
interaction	4310872	529021	7.63229917489571e-06	0.4447823514603	NA
interaction	4310872	188634	-1.68583128174512e-05	0.982440526081936	NA
interaction	4310872	181765	4.3460951113821e-06	0.253274453610116	NA
interaction	4310872	593352	-9.29670637282554e-06	0.541777887185325	NA
interaction	4310872	302439	6.72507952605011e-07	0.0391912923852983	NA
interaction	4310872	574965	-1.15032544189149e-05	0.670367399475138	NA
interaction	4310872	319438	-6.72507952605011e-07	0.0391912923852983	NA
interaction	4310872	1809696	-5.22037929311115e-06	0.304224523213395	NA
interaction	4310872	4385756	2.1804680207963e-06	0.127069664245311	NA
interaction	4310872	4310872	4.90480603851215e-06	0.285834073491482	NA
interaction	4310872	4407174	-1.0684839255154e-05	0.622673170951483	NA
interaction	4310872	4459708	4.90199606734174e-06	0.28567031869675	NA
interaction	4310872	310391	4.89179751235356e-06	0.285075984386054	NA
interaction	4310872	177224	-5.56279971555243e-06	0.324179527228754	NA
interaction	4310872	1073276	-9.70310164060748e-06	0.565461110115179	NA
interaction	4310872	586030	4.88376149529309e-06	0.284607674839661	NA
interaction	4310872	1106789	-1.74295384998577e-05	1.01572945991605	NA
interaction	4310872	851715	-3.75386333687186e-06	0.218761361913894	NA
interaction	4310872	328438	4.88079741215557e-06	0.284434938965763	NA
interaction	4310872	316489	1.00266027295883e-05	0.584313564894485	NA
interaction	4310872	198583	-1.66460099851572e-05	0.970068297110621	NA
interaction	4310872	3924208	8.21503590103013e-06	0.478742106626198	NA
interaction	4310872	365868	4.92600517620318e-06	0.287069481341079	NA
interaction	4407174	552961	-1.63902667772439e-06	0.0955164522667417	NA
interaction	4407174	682726	1.46291464426636e-05	0.852532900705363	NA
interaction	4407174	191922	-4.3544666837397e-05	2.53762318086246	NA
interaction	4407174	1111783	1.44412370628955e-05	0.841582232514891	NA
interaction	4407174	529021	2.07472537596318e-05	1.20907371449818	NA
interaction	4407174	188634	-7.67336075311361e-05	4.47175269360387	NA
interaction	4407174	181765	1.63902667772439e-06	0.0955164522667417	NA
interaction	4407174	593352	-0.000139413489993866	8.12450592984072	NA
interaction	4407174	302439	4.54579055238928e-06	0.264911970142385	NA
interaction	4407174	574965	-7.40647649231534e-05	4.3162223529222	NA
interaction	4407174	319438	-5.02488304413634e-05	2.92831720163078	NA
interaction	4407174	1809696	-3.60096149531594e-05	2.09850804417203	NA
interaction	4407174	4385756	4.75568306242328e-06	0.277143734388982	NA
interaction	4407174	4310872	1.50006460846637e-05	0.874182534786662	NA
interaction	4407174	4407174	-4.94677370662588e-05	2.88279794981321	NA
interaction	4407174	4459708	1.49252756240518e-05	0.8697902212867	NA
interaction	4407174	310391	1.44564537138528e-05	0.842469003019958	NA
interaction	4407174	177224	-3.51696738137749e-05	2.04955936088502	NA
interaction	4407174	1073276	-8.59810559203005e-05	5.01066000649711	NA
interaction	4407174	586030	1.42528183994564e-05	0.83060188514341	NA
interaction	4407174	1106789	-0.000122422568081911	7.13433743299574	NA
interaction	4407174	851715	-4.89005177076018e-05	2.84974248980621	NA
interaction	4407174	328438	1.42623971110908e-05	0.831160097261025	NA
interaction	4407174	316489	1.96466871680155e-05	1.14493673750862	NA
interaction	4407174	198583	-6.5207994517443e-05	3.80008231738046	NA
interaction	4407174	3924208	1.90632284815064e-05	1.11093490914489	NA
interaction	4407174	365868	1.5610756674635e-05	0.909737538153251	NA
interaction	4459708	552961	-3.77078097340396e-06	0.219747259608084	NA
interaction	4459708	682726	-3.53736188356659e-06	0.206144452737636	NA
interaction	4459708	191922	1.96409444684994e-05	1.14460207408205	NA
interaction	4459708	1111783	-3.53308306158868e-06	0.205895098715053	NA
interaction	4459708	529021	3.29261794387702e-05	1.91881675230323	NA
interaction	4459708	188634	1.36790235540306e-05	0.797163229928774	NA
interaction	4459708	181765	4.13844965405476e-06	0.241173639338593	NA
interaction	4459708	593352	5.3394501990465e-05	3.11163538091983	NA
interaction	4459708	302439	-4.06634946069642e-06	0.236971904997761	NA
interaction	4459708	574965	1.34859080218305e-05	0.785909166304273	NA
interaction	4459708	319438	1.04685664187771e-05	0.610069584729773	NA
interaction	4459708	1809696	-2.87054013984423e-06	0.167284531712365	NA
interaction	4459708	4385756	-3.50991788767188e-06	0.204545117498306	NA
interaction	4459708	4310872	-3.54579433006159e-06	0.206635864734815	NA
interaction	4459708	4407174	-1.89002554453394e-06	0.11014374394323	NA
interaction	4459708	4459708	-3.54504615131186e-06	0.206592263626422	NA
interaction	4459708	310391	-3.48286821493737e-06	0.202968761963835	NA
interaction	4459708	177224	-3.72490438241933e-06	0.217073740456445	NA
interaction	4459708	1073276	2.8686844099638e-05	1.67176386593708	NA
interaction	4459708	586030	-3.59954014161706e-06	0.209767973146317	NA
interaction	4459708	1106789	2.02477142245933e-05	1.17996238592597	NA
interaction	4459708	851715	4.37328601636258e-06	0.254859039640932	NA
interaction	4459708	328438	-3.56138740307445e-06	0.207544571734138	NA
interaction	4459708	316489	6.24513601103966e-06	0.363943579323536	NA
interaction	4459708	198583	8.86529390583613e-06	0.516636753809948	NA
interaction	4459708	3924208	1.89002554453394e-06	0.11014374394323	NA
interaction	4459708	365868	-3.56200820112827e-06	0.207580749563627	NA
interaction	310391	552961	-4.85187883902405e-07	0.0282749670783323	NA
interaction	310391	682726	1.30506730251637e-08	0.00076054526994497	NA
interaction	310391	191922	-5.24703054329109e-07	0.0305777660145367	NA
interaction	310391	1111783	3.5981262845838e-09	0.000209685578753556	NA
interaction	310391	529021	-2.83234118134281e-07	0.0165058436770819	NA
interaction	310391	188634	4.41317447228407e-07	0.0257183592284156	NA
interaction	310391	181765	4.41268447688332e-08	0.00257155037152661	NA
interaction	310391	593352	1.6955344013879e-07	0.00988095147674093	NA
interaction	310391	302439	-3.58951637922779e-07	0.0209183825106019	NA
interaction	310391	574965	2.17312380963578e-07	0.0126641670604765	NA
interaction	310391	319438	-4.87725119827266e-09	0.000284228278651029	NA
interaction	310391	1809696	-7.6841409803689e-07	0.0447803501393489	NA
interaction	310391	4385756	-1.7968085124169e-07	0.0104711397832173	NA
interaction	310391	4310872	3.17382230228532e-08	0.0018495870174624	NA
interaction	310391	4407174	-1.11074474664917e-06	0.0647301224658223	NA
interaction	310391	4459708	2.79460218594919e-08	0.00162859146789088	NA
interaction	310391	310391	4.87725119827266e-09	0.000284228278651029	NA
interaction	310391	177224	-6.91235995816522e-07	0.0402826939285272	NA
interaction	310391	1073276	-3.47067135133525e-07	0.020225797356979	NA
interaction	310391	586030	-9.01630293397416e-09	0.00052543700509568	NA
interaction	310391	1106789	2.13740843979147e-08	0.00124560310084351	NA
interaction	310391	851715	-1.6893371103361e-07	0.00984483594165064	NA
interaction	310391	328438	-7.40644268517942e-09	0.000431620265136561	NA
interaction	310391	316489	2.83325457571001e-07	0.0165111666038324	NA
interaction	310391	198583	2.860225309883e-07	0.0166683421323484	NA
interaction	310391	3924208	1.79147495775982e-07	0.0104400577864605	NA
interaction	310391	365868	6.24267939889856e-08	0.00363800416994636	NA
interaction	177224	552961	-6.07809361407863e-06	0.354208962216509	NA
interaction	177224	682726	4.48702714319358e-07	0.026148745457729	NA
interaction	177224	191922	6.40553805908908e-07	0.0373291221295583	NA
interaction	177224	1111783	1.55958502861442e-07	0.00908868848604695	NA
interaction	177224	529021	1.65756056194609e-05	0.965965389374705	NA
interaction	177224	188634	-5.06653760976015e-06	0.295259195190283	NA
interaction	177224	181765	8.51961185572104e-07	0.0496491674118426	NA
interaction	177224	593352	-1.64851028402157e-06	0.0960691219947654	NA
interaction	177224	302439	-1.19079581970065e-05	0.693952048601119	NA
interaction	177224	574965	-3.78292655947369e-06	0.220455059735957	NA
interaction	177224	319438	8.71597032530583e-07	0.0507934724217712	NA
interaction	177224	1809696	-3.24411914867812e-06	0.189055343652217	NA
interaction	177224	4385756	-4.32812074853958e-06	0.252226973789436	NA
interaction	177224	4310872	1.02744955586379e-06	0.0598759848103285	NA
interaction	177224	4407174	-1.45395987888311e-06	0.0847314392477807	NA
interaction	177224	4459708	9.10605504947284e-07	0.0530667428597859	NA
interaction	177224	310391	1.6986070630251e-07	0.00989885781973036	NA
interaction	177224	177224	-4.86754433987207e-06	0.283662598610746	NA
interaction	177224	1073276	2.08310436684509e-06	0.121395668250287	NA
interaction	177224	586030	4.85731447858092e-08	0.00283066439883746	NA
interaction	177224	1106789	-3.02607366351427e-06	0.176348453972698	NA
interaction	177224	851715	-2.92839189051591e-06	0.170655919168517	NA
interaction	177224	328438	-4.85731447858092e-08	0.00283066439883746	NA
interaction	177224	316489	1.0016658774615e-05	0.583734067737141	NA
interaction	177224	198583	-2.76586107462285e-06	0.161184220428581	NA
interaction	177224	3924208	5.4807601507564e-06	0.319398562842193	NA
interaction	177224	365868	1.97792384177404e-06	0.11526613372905	NA
interaction	1073276	552961	7.37443301567425e-07	0.0429754859215524	NA
interaction	1073276	682726	-4.67033457448138e-08	0.00272169938119931	NA
interaction	1073276	191922	7.91165516059584e-08	0.00461062191829098	NA
interaction	1073276	1111783	9.69392100868365e-08	0.00564926096620372	NA
interaction	1073276	529021	4.52632031778762e-07	0.0263777316412079	NA
interaction	1073276	188634	-3.20651819673925e-06	0.186864098335796	NA
interaction	1073276	181765	-1.96828112231912e-06	0.114704191470846	NA
interaction	1073276	593352	-1.9449767980454e-06	0.113346101082598	NA
interaction	1073276	302439	2.23085490635745e-06	0.130006026792048	NA
interaction	1073276	574965	-4.92716522314452e-07	0.0287137084614294	NA
interaction	1073276	319438	-1.74795620934426e-06	0.101864465114131	NA
interaction	1073276	1809696	2.03869878885979e-06	0.118807874331094	NA
interaction	1073276	4385756	1.37972116767671e-06	0.0804050799446268	NA
interaction	1073276	4310872	-3.30682468880431e-07	0.0192709592122803	NA
interaction	1073276	4407174	1.92931808946084e-06	0.112433569083331	NA
interaction	1073276	4459708	-2.9716487628485e-07	0.0173176770743124	NA
interaction	1073276	310391	1.04469301850227e-07	0.00608808704527684	NA
interaction	1073276	177224	1.47967942166033e-06	0.0862302796958287	NA
interaction	1073276	1073276	-9.57765455770089e-07	0.055815051507161	NA
interaction	1073276	586030	1.0955447158418e-07	0.0063844320522024	NA
interaction	1073276	1106789	-2.16204143926839e-06	0.125995830781299	NA
interaction	1073276	851715	1.04911329967568e-06	0.0611384681974815	NA
interaction	1073276	328438	2.21066149623227e-07	0.0128829229049498	NA
interaction	1073276	316489	-3.29788059814885e-07	0.0192188363383959	NA
interaction	1073276	198583	-1.72487372769756e-06	0.100519302899037	NA
interaction	1073276	3924208	4.67033457448138e-08	0.00272169938119931	NA
interaction	1073276	365868	-7.97060768075136e-07	0.0464497728086053	NA
interaction	586030	552961	5.48138194635315e-07	0.0319434798804818	NA
interaction	586030	682726	-9.64514074392799e-08	0.00562083362030742	NA
interaction	586030	191922	4.10190765390773e-07	0.0239044105841542	NA
interaction	586030	1111783	-9.6797084417164e-08	0.00564097840440796	NA
interaction	586030	529021	6.62173061425598e-07	0.0385890129023366	NA
interaction	586030	188634	6.50011375211408e-06	0.378802745172033	NA
interaction	586030	181765	-2.18320519964184e-09	0.00012722917697082	NA
interaction	586030	593352	1.84482321212381e-06	0.107509518103787	NA
interaction	586030	302439	-9.34070351005866e-07	0.0544341878678274	NA
interaction	586030	574965	1.88177296300224e-06	0.109662813815208	NA
interaction	586030	319438	2.18320519964183e-09	0.00012722917697082	NA
interaction	586030	1809696	6.69586456201775e-07	0.0390210383097914	NA
interaction	586030	4385756	-3.53925875115705e-07	0.0206254995210874	NA
interaction	586030	4310872	-9.66472521144636e-08	0.00563224672835692	NA
interaction	586030	4407174	1.12726641761626e-06	0.0656929447418367	NA
interaction	586030	4459708	-9.66685485127799e-08	0.00563348780419838	NA
interaction	586030	310391	-9.83044779168128e-08	0.00572882375873514	NA
interaction	586030	177224	2.96433038589822e-07	0.0172750282625425	NA
interaction	586030	1073276	1.43374083183103e-06	0.083553147479333	NA
interaction	586030	586030	-1.67841272156285e-07	0.00978117261798517	NA
interaction	586030	1106789	5.55729594234165e-06	0.323858787549334	NA
interaction	586030	851715	-9.27070855300767e-07	0.0540262829773862	NA
interaction	586030	328438	-9.57502657691513e-08	0.00557997366007783	NA
interaction	586030	316489	-1.81499143348717e-07	0.0105771031660031	NA
interaction	586030	198583	8.88387420800229e-06	0.51771954554792	NA
interaction	586030	3924208	-4.09655752887806e-07	0.0238732320213545	NA
interaction	586030	365868	-9.6797084417164e-08	0.00564097840440796	NA
interaction	1106789	552961	4.59475011415998e-06	0.267765153503234	NA
interaction	1106789	682726	-2.35037610902758e-07	0.0136971283309748	NA
interaction	1106789	191922	1.75407539835604e-08	0.00102221068965122	NA
interaction	1106789	1111783	1.65188164587529e-07	0.00962655925757209	NA
interaction	1106789	529021	-2.93425742542133e-06	0.170997740990228	NA
interaction	1106789	188634	-2.7734205711922e-07	0.0161624760111699	NA
interaction	1106789	181765	-1.00527754620274e-06	0.0585838815570805	NA
interaction	1106789	593352	-4.67703031723533e-06	0.272560141404503	NA
interaction	1106789	302439	5.09772365967676e-06	0.297076603588042	NA
interaction	1106789	574965	-1.48112107161776e-06	0.0863142937580863	NA
interaction	1106789	319438	-8.52353314176319e-07	0.0496720192260418	NA
interaction	1106789	1809696	1.84445867596456e-06	0.107488274275894	NA
interaction	1106789	4385756	2.22146549870722e-06	0.129458846615041	NA
interaction	1106789	4310872	-9.91802726462188e-07	0.0577986185750661	NA
interaction	1106789	4407174	1.5353008178957e-06	0.0894716902907441	NA
interaction	1106789	4459708	-8.35913291626849e-07	0.0487139551197939	NA
interaction	1106789	310391	1.53728459676124e-07	0.00895872976337443	NA
interaction	1106789	177224	1.92454996901814e-06	0.11215570054412	NA
interaction	1106789	1073276	-1.75407539835604e-08	0.00102221068965122	NA
interaction	1106789	586030	1.3803969829381e-07	0.00804444639748155	NA
interaction	1106789	1106789	6.10947820058548e-07	0.0356037940597236	NA
interaction	1106789	851715	4.27883005602246e-07	0.0249354493345406	NA
interaction	1106789	328438	4.02790287537475e-07	0.0234731379275022	NA
interaction	1106789	316489	-1.97125202740959e-06	0.114877324903095	NA
interaction	1106789	198583	1.65188164587529e-07	0.00962655925757209	NA
interaction	1106789	3924208	-1.39539834378646e-06	0.0813186881634037	NA
interaction	1106789	365868	-2.25364942708455e-06	0.131334407702843	NA
interaction	851715	552961	1.11330757039356e-07	0.0064879474416694	NA
interaction	851715	682726	2.4804726119457e-08	0.00144552829467558	NA
interaction	851715	191922	-4.36275716068635e-07	0.0254245456619807	NA
interaction	851715	1111783	3.87626317004872e-08	0.00225894374440161	NA
interaction	851715	529021	-8.04062131632768e-07	0.0468577865506288	NA
interaction	851715	188634	-2.68639577652109e-07	0.0156553274845964	NA
interaction	851715	181765	-3.58393026603083e-07	0.0208858286954758	NA
interaction	851715	593352	-2.21743958163602e-07	0.0129224230961136	NA
interaction	851715	302439	6.32928183936617e-08	0.00368847289009308	NA
interaction	851715	574965	-4.68263565463211e-08	0.00272886799871491	NA
interaction	851715	319438	-1.80137156940587e-07	0.0104977316026795	NA
interaction	851715	1809696	2.71921113899362e-07	0.0158465633592665	NA
interaction	851715	4385756	7.45720210321104e-08	0.00434578337506827	NA
interaction	851715	4310872	-2.79014891556533e-09	0.000162599626554407	NA
interaction	851715	4407174	3.87626317004872e-08	0.00225894374440161	NA
interaction	851715	4459708	2.79014891556533e-09	0.000162599626554407	NA
interaction	851715	310391	4.06762467647874e-08	0.00237046219887847	NA
interaction	851715	177224	3.46458988077245e-07	0.0201903567811411	NA
interaction	851715	1073276	-7.2223542672024e-07	0.0420892268559364	NA
interaction	851715	586030	4.26926879149055e-08	0.00248797297980813	NA
interaction	851715	1106789	1.14207060098709e-07	0.00665556781515523	NA
interaction	851715	851715	2.47835229165785e-08	0.00144429264992179	NA
interaction	851715	328438	5.32405609760191e-08	0.00310266426424549	NA
interaction	851715	316489	-5.31649099283256e-07	0.0309825559916142	NA
interaction	851715	198583	-4.40529460267084e-08	0.00256724382437233	NA
interaction	851715	3924208	-2.61023984874273e-07	0.01521151872057	NA
interaction	851715	365868	-4.81091428661303e-08	0.00280362407190745	NA
interaction	328438	552961	1.67478857286221e-05	0.976005241103084	NA
interaction	328438	682726	-4.01718558552436e-06	0.234106815002618	NA
interaction	328438	191922	-1.56502897806932e-07	0.00912041382312159	NA
interaction	328438	1111783	-3.88791454251792e-06	0.226573373615356	NA
interaction	328438	529021	-1.2619776825041e-05	0.735434222705587	NA
interaction	328438	188634	5.9342941509653e-06	0.345828857889277	NA
interaction	328438	181765	-7.4775202815003e-06	0.435762406279525	NA
interaction	328438	593352	-2.98214585885171e-06	0.173788502927204	NA
interaction	328438	302439	8.49526196026185e-06	0.495072651683381	NA
interaction	328438	574965	6.76955375628783e-06	0.394504718573188	NA
interaction	328438	319438	1.56502897806933e-07	0.00912041382312162	NA
interaction	328438	1809696	2.5090498987035e-05	1.46218208734175	NA
interaction	328438	4385756	3.67155710667732e-06	0.213964857247755	NA
interaction	328438	4310872	-4.28335178627011e-06	0.249618003169396	NA
interaction	328438	4407174	3.53290851704415e-05	2.05884926900352	NA
interaction	328438	4459708	-4.21723279404117e-06	0.245764831252799	NA
interaction	328438	310391	-3.89750470490447e-06	0.227132253040734	NA
interaction	328438	177224	2.54978442803062e-05	1.4859206742663	NA
interaction	328438	1073276	1.88719015264239e-05	1.09978507722278	NA
interaction	328438	586030	-3.94516064465744e-06	0.229909466100475	NA
interaction	328438	1106789	1.79943413159471e-05	1.04864409270166	NA
interaction	328438	851715	1.17136095653399e-05	0.68262612447067	NA
interaction	328438	328438	-3.82454876146672e-06	0.222880648729679	NA
interaction	328438	316489	-2.0759509538687e-05	1.20978793626835	NA
interaction	328438	198583	1.07439021767052e-05	0.62611514099612	NA
interaction	328438	3924208	-1.59853160729984e-05	0.9315654835925	NA
interaction	328438	365868	-4.71462495409018e-06	0.274751018701032	NA
interaction	316489	552961	-2.03541737401902e-06	0.118616645531548	NA
interaction	316489	682726	3.08726640206057e-08	0.00179914541925912	NA
interaction	316489	191922	7.70724139786025e-07	0.0449149708843705	NA
interaction	316489	1111783	2.18937362831391e-08	0.00127588650328285	NA
interaction	316489	529021	2.30662340182135e-07	0.0134421536300622	NA
interaction	316489	188634	-6.88853050274631e-06	0.401438246183448	NA
interaction	316489	181765	1.75122302696465e-06	0.10205484324131	NA
interaction	316489	593352	1.28268385936321e-07	0.00747501021742294	NA
interaction	316489	302439	-1.13051848775096e-06	0.0658824634397384	NA
interaction	316489	574965	-2.84508471712149e-06	0.165801083210597	NA
interaction	316489	319438	3.28872797672364e-07	0.0191654982238088	NA
interaction	316489	1809696	-5.3245108560479e-06	0.310292928075797	NA
interaction	316489	4385756	-7.48077296963866e-07	0.043595196099241	NA
interaction	316489	4310872	4.86226989304954e-08	0.00283355223230587	NA
interaction	316489	4407174	-7.59140699725382e-06	0.44239930560333	NA
interaction	316489	4459708	4.58848806790397e-08	0.00267400224456969	NA
interaction	316489	310391	2.53090064610206e-08	0.00147491590003224	NA
interaction	316489	177224	-5.70735811404422e-06	0.332603859521178	NA
interaction	316489	1073276	-3.27738283415201e-06	0.1909938290161	NA
interaction	316489	586030	-8.03126314005478e-09	0.000468032505379195	NA
interaction	316489	1106789	-4.32909208366584e-06	0.252283579631478	NA
interaction	316489	851715	-2.04251491968898e-06	0.119030264413662	NA
interaction	316489	328438	8.03126314005478e-09	0.000468032505379195	NA
interaction	316489	316489	3.66472876378165e-06	0.213566926514155	NA
interaction	316489	198583	-8.45398733425052e-06	0.492667318140725	NA
interaction	316489	3924208	2.22476691398521e-06	0.129651240966578	NA
interaction	316489	365868	7.77743968208827e-08	0.00453240606908879	NA
interaction	198583	552961	1.35820753433643e-05	0.79151344444187	NA
interaction	198583	682726	3.06594955545691e-07	0.0178672274433401	NA
interaction	198583	191922	-4.22157014294315e-07	0.0246017596009463	NA
interaction	198583	1111783	3.92691889020947e-07	0.0228846403679545	NA
interaction	198583	529021	-1.6097960988704e-06	0.0938130015372436	NA
interaction	198583	188634	-3.14300919580965e-06	0.183163027121859	NA
interaction	198583	181765	-6.48419949710017e-06	0.377875320865854	NA
interaction	198583	593352	-8.15509096921871e-06	0.475248736264498	NA
interaction	198583	302439	9.59676769727863e-06	0.559264358616048	NA
interaction	198583	574965	-1.60330379018133e-06	0.0934346536424665	NA
interaction	198583	319438	-4.90330976617171e-07	0.0285746876237449	NA
interaction	198583	1809696	7.86458128154566e-06	0.458318899128366	NA
interaction	198583	4385756	3.5735492939987e-06	0.208253322049021	NA
interaction	198583	4310872	1.35816172564224e-07	0.0079148674881811	NA
interaction	198583	4407174	2.49908001662484e-05	1.456372006404	NA
interaction	198583	4459708	1.70413916244971e-07	0.00993109686243828	NA
interaction	198583	310391	3.68343018263188e-07	0.0214656776487438	NA
interaction	198583	177224	1.18911141174443e-05	0.692970437536856	NA
interaction	198583	1073276	-1.35816172564224e-07	0.0079148674881811	NA
interaction	198583	586030	3.38810305041678e-07	0.0197446196384824	NA
interaction	198583	1106789	-2.0837418366812e-06	0.121432817649989	NA
interaction	198583	851715	2.1719549294333e-06	0.126573552561549	NA
interaction	198583	328438	4.9381448319749e-07	0.0287776935872975	NA
interaction	198583	316489	-1.73682525593962e-05	1.01215794049768	NA
interaction	198583	198583	-1.12422714613591e-06	0.0655158271675934	NA
interaction	198583	3924208	-1.14115954086579e-05	0.665025849153219	NA
interaction	198583	365868	-1.44341256974349e-07	0.0084116780826616	NA
interaction	3924208	552961	-4.27807953032123e-07	0.0249310755465302	NA
interaction	3924208	682726	1.32479584444228e-08	0.000772042339265251	NA
interaction	3924208	191922	1.62869931695485e-07	0.00949146116283971	NA
interaction	3924208	1111783	8.26314123978706e-09	0.000481545509008599	NA
interaction	3924208	529021	2.19976823924932e-07	0.012819441005919	NA
interaction	3924208	188634	-7.87052032344301e-07	0.045866500466747	NA
interaction	3924208	181765	4.14501349659067e-07	0.0241556155963117	NA
interaction	3924208	593352	3.33744866377409e-07	0.0194494244857974	NA
interaction	3924208	302439	-4.8354168573492e-07	0.0281790326979935	NA
interaction	3924208	574965	-2.17045610540899e-07	0.0126486206604757	NA
interaction	3924208	319438	8.07420319694218e-08	0.00470534894113776	NA
interaction	3924208	1809696	-8.61335675006423e-07	0.0501954782100423	NA
interaction	3924208	4385756	-2.76481842258891e-07	0.0161123458499209	NA
interaction	3924208	4310872	2.31024676050751e-08	0.00134632692331025	NA
interaction	3924208	4407174	-9.08689329123812e-07	0.0529550751736739	NA
interaction	3924208	4459708	2.15495903769587e-08	0.00125583094441537	NA
interaction	3924208	310391	9.13404623495839e-09	0.000532298652035925	NA
interaction	3924208	177224	-8.77317012402574e-07	0.0511268118309676	NA
interaction	3924208	1073276	-1.20318445602958e-07	0.00701171690640166	NA
interaction	3924208	586030	-2.72131619843530e-09	0.000158588308722004	NA
interaction	3924208	1106789	-5.9583011209478e-07	0.03472278958876	NA
interaction	3924208	851715	-3.88565917862991e-07	0.022644193929517	NA
interaction	3924208	328438	2.72131619843529e-09	0.000158588308722004	NA
interaction	3924208	316489	6.9948240517129e-07	0.0407632643647573	NA
interaction	3924208	198583	-7.64406937972806e-07	0.0445468275748976	NA
interaction	3924208	3924208	4.06033088284317e-07	0.0236621164395398	NA
interaction	3924208	365868	3.92867616409986e-08	0.00228948811144873	NA
interaction	365868	552961	-3.6113924184652e-06	0.210458680290504	NA
interaction	365868	682726	3.84773213787181e-05	2.24231690720559	NA
interaction	365868	191922	-7.85872997206591e-06	0.457977906312193	NA
interaction	365868	1111783	3.74090789012594e-05	2.180063660816	NA
interaction	365868	529021	7.43681224203692e-05	4.33390091318993	NA
interaction	365868	188634	-0.000140428291985918	8.18364486110485	NA
interaction	365868	181765	3.59656624866788e-05	2.0959466559264	NA
interaction	365868	593352	-8.30595542137401e-05	4.84040562193193	NA
interaction	365868	302439	1.18413368293042e-06	0.0690069600087886	NA
interaction	365868	574965	-9.20059824146284e-05	5.36177058433413	NA
interaction	365868	319438	-1.18413368293043e-06	0.069006960008789	NA
interaction	365868	1809696	-2.94159514314649e-05	1.7142535621722	NA
interaction	365868	4385756	1.5904227509815e-05	0.926839940085523	NA
interaction	365868	4310872	4.05892532583419e-05	2.36539253697555	NA
interaction	365868	4407174	-6.85276137573803e-05	3.99353752893044	NA
interaction	365868	4459708	4.01608176236082e-05	2.34042488244583	NA
interaction	365868	310391	3.74884074339244e-05	2.1846866362115	NA
interaction	365868	177224	-2.89852057465873e-05	1.68915128640825	NA
interaction	365868	1073276	-6.31404087510279e-05	3.67959101614101	NA
interaction	365868	586030	3.731593518481e-05	2.17463558727266	NA
interaction	365868	1106789	-0.000143748729198864	8.37714774111622	NA
interaction	365868	851715	-2.62899401567955e-05	1.53208111143649	NA
interaction	365868	328438	3.65895838795728e-05	2.13230650214031	NA
interaction	365868	316489	6.7832465314458e-05	3.95302683196065	NA
interaction	365868	198583	-0.000131157207333041	7.64336011361257	NA
interaction	365868	3924208	5.73375691426685e-05	3.34142284597251	NA
interaction	365868	365868	4.40576499778203e-05	2.56751795335873	NA
