parameter_type	source_taxon	target_taxon	value	significance	MCMC_std
growth_rate	NA	585220	0.105456159386997	10000	NA
growth_rate	NA	682726	0.120082657079553	10000	NA
growth_rate	NA	1106927	0.125001793064127	10000	NA
growth_rate	NA	1111783	0.120844226245198	10000	NA
growth_rate	NA	529021	0.105395121189845	10000	NA
growth_rate	NA	4361727	0.111179652857294	10000	NA
growth_rate	NA	147040	0.0940834223993064	10000	NA
growth_rate	NA	4297420	0.286622482922817	10000	NA
growth_rate	NA	194201	0.0956802813610036	10000	NA
growth_rate	NA	528935	0.124351956956591	10000	NA
growth_rate	NA	520734	0.142774548377939	10000	NA
growth_rate	NA	183809	0.121685641582802	10000	NA
growth_rate	NA	294363	0.188487347329648	10000	NA
growth_rate	NA	191633	0.120941009618004	10000	NA
growth_rate	NA	4385756	0.0726587593112853	10000	NA
growth_rate	NA	152842	0.0876026970860263	10000	NA
growth_rate	NA	346253	0.09140151890765	10000	NA
growth_rate	NA	4407703	0.124014319972319	10000	NA
growth_rate	NA	181707	0.115309489274282	10000	NA
growth_rate	NA	2079328	0.124171242923672	10000	NA
growth_rate	NA	1110862	0.166657082547969	10000	NA
growth_rate	NA	4414388	0.150094208227514	10000	NA
growth_rate	NA	328438	0.106550737691283	10000	NA
growth_rate	NA	316489	0.102916693206059	10000	NA
growth_rate	NA	198910	0.204167100045346	10000	NA
growth_rate	NA	4371419	0.095039601992469	10000	NA
growth_rate	NA	192401	0.107004569370157	10000	NA
interaction	585220	585220	1.25063009842331e-05	1.17264020261734	NA
interaction	585220	682726	-1.58088904936566e-07	0.0148230404617706	NA
interaction	585220	1106927	-1.5901863750465e-07	0.0149102158614665	NA
interaction	585220	1111783	-1.59836998061604e-07	0.0149869485812796	NA
interaction	585220	529021	2.13323599846426e-05	2.00020637327012	NA
interaction	585220	4361727	2.80032311727964e-05	2.62569361778574	NA
interaction	585220	147040	2.22810837383297e-05	2.08916246157745	NA
interaction	585220	4297420	-4.08673484822257e-05	3.83188409307018	NA
interaction	585220	194201	3.25783912207257e-05	3.05467870397344	NA
interaction	585220	528935	-1.48778184941786e-07	0.0139500305610048	NA
interaction	585220	520734	-1.58748388674461e-07	0.0148848762631801	NA
interaction	585220	183809	-3.06030314395721e-08	0.0028694611646759	NA
interaction	585220	294363	-4.07069126048787e-05	3.81684099120046	NA
interaction	585220	191633	3.06030314395721e-08	0.0028694611646759	NA
interaction	585220	4385756	4.33765437607021e-05	4.06715615820508	NA
interaction	585220	152842	4.51179764904435e-05	4.2304397727305	NA
interaction	585220	346253	6.80361898720828e-05	6.3793420274703	NA
interaction	585220	4407703	-3.14863220765093e-07	0.029522819853785	NA
interaction	585220	181707	-2.18915772657337e-07	0.0205264079545718	NA
interaction	585220	2079328	-1.58035126176873e-07	0.0148179979527392	NA
interaction	585220	1110862	-3.66638887267562e-05	3.43775109518681	NA
interaction	585220	4414388	-5.14898733525522e-05	4.82789400295093	NA
interaction	585220	328438	1.6184274152498e-05	1.51750150146924	NA
interaction	585220	316489	4.10900245592949e-05	3.85276308202636	NA
interaction	585220	198910	-5.53669151986533e-05	5.19142076771531	NA
interaction	585220	4371419	3.68802132735053e-06	0.345803453956022	NA
interaction	585220	192401	3.62010624355988e-05	3.39435467313334	NA
interaction	682726	585220	4.52940988219731e-07	0.0424695369853403	NA
interaction	682726	682726	-2.22728600093366e-08	0.00208839137224857	NA
interaction	682726	1106927	-8.09209265536283e-08	0.00758746585656789	NA
interaction	682726	1111783	-1.32541688650488e-07	0.0124276325054305	NA
interaction	682726	529021	1.86176821624276e-07	0.0174566745280944	NA
interaction	682726	4361727	1.7463272269304e-07	0.0163742541923912	NA
interaction	682726	147040	6.49325741197584e-07	0.0608833474967965	NA
interaction	682726	4297420	-8.65289635885978e-07	0.0811329757077842	NA
interaction	682726	194201	6.37628596375575e-07	0.0597865769735685	NA
interaction	682726	528935	-7.51163394672818e-08	0.00704320483281476	NA
interaction	682726	520734	-6.38988593291619e-08	0.00599140956588455	NA
interaction	682726	183809	-4.46317696273623e-09	0.000418485109585824	NA
interaction	682726	294363	-6.61764621754871e-07	0.0620496660937517	NA
interaction	682726	191633	4.46317696273623e-09	0.000418485109585824	NA
interaction	682726	4385756	1.06715108757197e-06	0.100060303132905	NA
interaction	682726	152842	9.32305363515039e-07	0.0874166351626913	NA
interaction	682726	346253	1.57383837119344e-06	0.147569305169446	NA
interaction	682726	4407703	-3.38485156513007e-08	0.00317377058985532	NA
interaction	682726	181707	-1.07214425405611e-07	0.0100528482154427	NA
interaction	682726	2079328	-4.28822303311302e-08	0.00402080737762316	NA
interaction	682726	1110862	-4.85854018710989e-07	0.0455555927897446	NA
interaction	682726	4414388	-9.41502427931497e-07	0.0882789882672901	NA
interaction	682726	328438	2.7368420790285e-07	0.0256617128768108	NA
interaction	682726	316489	3.81352047978783e-07	0.0357570750435447	NA
interaction	682726	198910	-9.15546156895321e-07	0.0858452257210804	NA
interaction	682726	4371419	2.05205723765951e-07	0.0192408995912151	NA
interaction	682726	192401	3.24109610124945e-07	0.0303897978599985	NA
interaction	1106927	585220	1.05700409996853e-06	0.0991088814763938	NA
interaction	1106927	682726	4.66363327730219e-07	0.0437280685801757	NA
interaction	1106927	1106927	1.88557709642549e-07	0.0176799159974687	NA
interaction	1106927	1111783	-5.59601346498059e-08	0.00524704336773694	NA
interaction	1106927	529021	-5.79730096637596e-06	0.543577848351432	NA
interaction	1106927	4361727	-2.6106862879748e-06	0.244788263257109	NA
interaction	1106927	147040	2.15822378184095e-06	0.202363590643004	NA
interaction	1106927	4297420	-2.6977157293238e-06	0.252948487600488	NA
interaction	1106927	194201	-4.51322973796925e-06	0.42317825558997	NA
interaction	1106927	528935	3.13185754664479e-07	0.0293655340031896	NA
interaction	1106927	520734	2.69193337876615e-07	0.0252406311561539	NA
interaction	1106927	183809	5.8216613629524e-07	0.0545861975401729	NA
interaction	1106927	294363	-2.03191906331892e-06	0.190520761104044	NA
interaction	1106927	191633	5.82394294050393e-07	0.0546075905129287	NA
interaction	1106927	4385756	1.58525868491035e-06	0.148640118914279	NA
interaction	1106927	152842	5.59601346498059e-08	0.00524704336773694	NA
interaction	1106927	346253	-1.32137313090353e-06	0.12389716654903	NA
interaction	1106927	4407703	3.2343948551985e-07	0.0303269643288298	NA
interaction	1106927	181707	4.20259067929704e-07	0.0394051509867035	NA
interaction	1106927	2079328	3.72344749669703e-07	0.0349125151590904	NA
interaction	1106927	1110862	-1.78072474593694e-07	0.0166967789237903	NA
interaction	1106927	4414388	-2.55946484802389e-06	0.23998553863069	NA
interaction	1106927	328438	-7.18113860389546e-07	0.0673331933887691	NA
interaction	1106927	316489	-5.91263897334124e-06	0.554392395676638	NA
interaction	1106927	198910	-1.57002249485425e-06	0.147211513524323	NA
interaction	1106927	4371419	4.17208380157291e-06	0.391191064454699	NA
interaction	1106927	192401	-6.33281928830853e-06	0.59379016247437	NA
interaction	1111783	585220	1.93390688716769e-07	0.0181330752144093	NA
interaction	1111783	682726	1.4926383339674e-08	0.00139955668793244	NA
interaction	1111783	1106927	1.31932724649501e-09	0.000123705336341972	NA
interaction	1111783	1111783	-1.06572579340124e-08	0.000999266619189871	NA
interaction	1111783	529021	-1.01595228647144e-07	0.00952597012145619	NA
interaction	1111783	4361727	2.57048953120019e-07	0.0241019256492586	NA
interaction	1111783	147040	-1.92209209351878e-08	0.00180222950401931	NA
interaction	1111783	4297420	-1.92310851190903e-07	0.0180318253806878	NA
interaction	1111783	194201	-3.58611607782004e-07	0.0336248415051405	NA
interaction	1111783	528935	3.86837998322435e-09	0.000362714594271158	NA
interaction	1111783	520734	5.26901173794e-09	0.000494043362602632	NA
interaction	1111783	183809	4.83388013962892e-08	0.00453243704394182	NA
interaction	1111783	294363	-1.221745758311e-07	0.0114555710387818	NA
interaction	1111783	191633	5.85362796458719e-08	0.00548859290296458	NA
interaction	1111783	4385756	3.50050460251206e-07	0.0328221144807543	NA
interaction	1111783	152842	-2.30850533670866e-08	0.00216454583109273	NA
interaction	1111783	346253	1.00398495121432e-09	9.41375965684004e-05	NA
interaction	1111783	4407703	2.4147016152383e-08	0.00226411965850117	NA
interaction	1111783	181707	-1.00398495121432e-09	9.41375965684007e-05	NA
interaction	1111783	2079328	1.02297057414772e-08	0.000959177636019223	NA
interaction	1111783	1110862	-2.62322125335584e-07	0.0245963591146846	NA
interaction	1111783	4414388	-4.10888927304054e-07	0.0385265695727693	NA
interaction	1111783	328438	4.04472229161372e-08	0.00379249145974368	NA
interaction	1111783	316489	-1.69526962539876e-07	0.0158955179435139	NA
interaction	1111783	198910	-2.48060671337029e-07	0.0232591488294399	NA
interaction	1111783	4371419	9.95321423568209e-08	0.00933252699798173	NA
interaction	1111783	192401	-1.55211698797469e-07	0.0145532622440405	NA
interaction	529021	585220	4.43120835319987e-06	0.415487606422308	NA
interaction	529021	682726	-1.8642067618884e-07	0.0174795392957312	NA
interaction	529021	1106927	-3.14138425668385e-07	0.0294548602012762	NA
interaction	529021	1111783	-4.26552578517293e-07	0.0399952554100586	NA
interaction	529021	529021	1.71745715339266e-06	0.161035569740406	NA
interaction	529021	4361727	2.80762478015603e-06	0.263253994544537	NA
interaction	529021	147040	5.59978716e-06	0.525058173331583	NA
interaction	529021	4297420	-1.22486570309758e-05	1.14848248740389	NA
interaction	529021	194201	2.93190878664981e-07	0.0274907354138289	NA
interaction	529021	528935	-3.12821277611429e-07	0.0293313591943571	NA
interaction	529021	520734	-2.77067111857645e-07	0.0259789073201547	NA
interaction	529021	183809	-3.14952519729873e-08	0.0029531192877614	NA
interaction	529021	294363	-6.00341643542359e-06	0.562904049255384	NA
interaction	529021	191633	3.14952519729873e-08	0.0029531192877614	NA
interaction	529021	4385756	4.82244432241897e-06	0.452171436980573	NA
interaction	529021	152842	5.22218779905374e-06	0.489652965054057	NA
interaction	529021	346253	9.02276579339364e-06	0.846010176907858	NA
interaction	529021	4407703	-2.13413263332907e-07	0.0200104709355254	NA
interaction	529021	181707	-4.18777162997159e-07	0.0392662017240438	NA
interaction	529021	2079328	-2.29850596826031e-07	0.0215517002808103	NA
interaction	529021	1110862	-7.82118324098308e-06	0.733345048386118	NA
interaction	529021	4414388	-1.22940628930175e-05	1.15273992046358	NA
interaction	529021	328438	3.81623077979064e-06	0.35782487887426	NA
interaction	529021	316489	2.62983493016215e-06	0.2465837156201	NA
interaction	529021	198910	-1.03469713659623e-05	0.970172924380642	NA
interaction	529021	4371419	3.94400323169929e-06	0.36980532889573	NA
interaction	529021	192401	2.17210332484171e-06	0.203664991443862	NA
interaction	4361727	585220	7.96803674099309e-07	0.074711461288196	NA
interaction	4361727	682726	2.54352190822728e-07	0.0238490665592133	NA
interaction	4361727	1106927	-5.77056007530832e-08	0.00541070516730415	NA
interaction	4361727	1111783	-3.32371690194411e-07	0.031164483137357	NA
interaction	4361727	529021	-8.71644885230031e-07	0.0817288690009242	NA
interaction	4361727	4361727	2.4358339550965e-06	0.228393417545894	NA
interaction	4361727	147040	6.93696105031361e-07	0.0650436881524261	NA
interaction	4361727	4297420	-1.49806974436949e-06	0.140464939296364	NA
interaction	4361727	194201	-4.97273648727276e-07	0.0466263424281066	NA
interaction	4361727	528935	-3.28718686958605e-08	0.00308219631180485	NA
interaction	4361727	520734	3.28718686958605e-08	0.00308219631180485	NA
interaction	4361727	183809	4.36592456066006e-07	0.0409366340045622	NA
interaction	4361727	294363	-1.50485298178176e-06	0.1411009624421	NA
interaction	4361727	191633	4.87724634981174e-07	0.0457309891635289	NA
interaction	4361727	4385756	2.24482721398303e-06	0.210483870679641	NA
interaction	4361727	152842	3.71879813750599e-07	0.0348689209299838	NA
interaction	4361727	346253	4.56255526080956e-07	0.0427803211535824	NA
interaction	4361727	4407703	2.4104425506545e-07	0.022601261912379	NA
interaction	4361727	181707	-1.76242030797169e-07	0.0165251492798897	NA
interaction	4361727	2079328	1.41922316107494e-07	0.0133071972061146	NA
interaction	4361727	1110862	-2.06433120544842e-06	0.193559851636241	NA
interaction	4361727	4414388	-2.03173374697265e-06	0.190503385111086	NA
interaction	4361727	328438	1.89951125700332e-07	0.0178105681935408	NA
interaction	4361727	316489	-9.82177462185462e-07	0.0920928402183322	NA
interaction	4361727	198910	-2.01733432862259e-06	0.189153238743037	NA
interaction	4361727	4371419	7.33785816442399e-07	0.0688026579206396	NA
interaction	4361727	192401	-9.94637426627529e-07	0.0932611357236435	NA
interaction	147040	585220	-6.43194928700658e-08	0.00603084982893715	NA
interaction	147040	682726	3.76771665457578e-08	0.00353276002776245	NA
interaction	147040	1106927	-4.69238049839779e-09	0.0004399761388548	NA
interaction	147040	1111783	-4.19850025686992e-08	0.00393667975695759	NA
interaction	147040	529021	8.74299056138615e-08	0.00819777345540518	NA
interaction	147040	4361727	6.49129580635827e-07	0.0608649547073399	NA
interaction	147040	147040	-6.02794850005379e-07	0.0565204272580799	NA
interaction	147040	4297420	4.55303674737552e-07	0.0426910718101036	NA
interaction	147040	194201	-4.22930753018612e-07	0.0396556587385909	NA
interaction	147040	528935	4.69238049839779e-09	0.0004399761388548	NA
interaction	147040	520734	7.60606517205833e-09	0.00071317472814126	NA
interaction	147040	183809	1.59053766436951e-07	0.0149135096889814	NA
interaction	147040	294363	-3.28166448232534e-07	0.030770183032758	NA
interaction	147040	191633	1.84759553489327e-07	0.0173237858670087	NA
interaction	147040	4385756	3.91470069053415e-07	0.0367057806838456	NA
interaction	147040	152842	-2.31841581287384e-08	0.00217383828518689	NA
interaction	147040	346253	-9.55353282812839e-07	0.0895776991567015	NA
interaction	147040	4407703	5.29272626206724e-08	0.00496266930099736	NA
interaction	147040	181707	-1.59630945908273e-08	0.00149676283171074	NA
interaction	147040	2079328	2.30525938247124e-08	0.00216150229612627	NA
interaction	147040	1110862	-4.79419039504065e-07	0.0449522237095858	NA
interaction	147040	4414388	-4.22149168711723e-07	0.0395823743053162	NA
interaction	147040	328438	3.38189307454814e-08	0.00317099659217222	NA
interaction	147040	316489	1.0415321146657e-07	0.00976581669922883	NA
interaction	147040	198910	-4.01059208420302e-07	0.0376048962851964	NA
interaction	147040	4371419	-9.84503673359711e-08	0.00923109549707391	NA
interaction	147040	192401	1.58190782963619e-08	0.00148325929481882	NA
interaction	4297420	585220	3.04624192335258e-06	0.28562768085664	NA
interaction	4297420	682726	-7.59724046756003e-08	0.00712347288974077	NA
interaction	4297420	1106927	-3.02523018953315e-08	0.0028365753765967	NA
interaction	4297420	1111783	9.98967865856126e-09	0.000936671748187241	NA
interaction	4297420	529021	3.5469409722044e-06	0.332575202336903	NA
interaction	4297420	4361727	-5.15073803985575e-07	0.0482953553276864	NA
interaction	4297420	147040	4.09736274069347e-06	0.38418492250434	NA
interaction	4297420	4297420	-9.69196754401766e-07	0.0908757177594389	NA
interaction	4297420	194201	7.02108271871401e-06	0.658324461585057	NA
interaction	4297420	528935	-9.98967865856126e-09	0.000936671748187241	NA
interaction	4297420	520734	-4.35223718666994e-08	0.00408082957770614	NA
interaction	4297420	183809	-8.12039753249212e-08	0.00761400562791498	NA
interaction	4297420	294363	-6.90114193557073e-07	0.0647078339776176	NA
interaction	4297420	191633	-7.77455120847224e-08	0.00728972644737677	NA
interaction	4297420	4385756	1.04996954564986e-06	0.0984492938643593	NA
interaction	4297420	152842	5.78970302437989e-06	0.542865435284374	NA
interaction	4297420	346253	9.59259028242988e-06	0.899439172829369	NA
interaction	4297420	4407703	-3.40517051595002e-08	0.00319282244110735	NA
interaction	4297420	181707	7.576616862904e-08	0.00710413538301274	NA
interaction	4297420	2079328	-6.01895680370182e-08	0.00564361175597499	NA
interaction	4297420	1110862	-7.73574072936768e-08	0.00725333620845782	NA
interaction	4297420	4414388	-1.52375023875582e-06	0.14287284393407	NA
interaction	4297420	328438	1.21918572785399e-06	0.114315671815454	NA
interaction	4297420	316489	4.14472684851655e-06	0.388625968427069	NA
interaction	4297420	198910	-1.83638678959944e-06	0.172186882416676	NA
interaction	4297420	4371419	4.98503430379498e-07	0.0467416516156637	NA
interaction	4297420	192401	4.39042859023199e-06	0.411663934693183	NA
interaction	194201	585220	5.31613931991887e-06	0.498462230927507	NA
interaction	194201	682726	-1.10202273463922e-06	0.103330006567525	NA
interaction	194201	1106927	-2.463300496718e-06	0.230968789030463	NA
interaction	194201	1111783	-3.6614683907786e-06	0.343313745691281	NA
interaction	194201	529021	2.04958153173179e-05	1.92176863940886	NA
interaction	194201	4361727	1.16710205709717e-05	1.09432101021313	NA
interaction	194201	147040	4.55548826859536e-05	4.27140582418517	NA
interaction	194201	4297420	-5.10503556679037e-05	4.78668308795457	NA
interaction	194201	194201	9.8544882467329e-05	9.23995760929444	NA
interaction	194201	528935	-2.61283718724268e-06	0.244989940072378	NA
interaction	194201	520734	-2.06818314608439e-06	0.193921024812349	NA
interaction	194201	183809	-1.22108981872783e-07	0.0114494206900361	NA
interaction	194201	294363	-3.48196608668196e-05	3.26482900302902	NA
interaction	194201	191633	1.22108981872783e-07	0.0114494206900361	NA
interaction	194201	4385756	4.25207883760516e-05	3.98691715157054	NA
interaction	194201	152842	6.10159642760885e-05	5.72109793309861	NA
interaction	194201	346253	7.52859866909289e-05	7.05911162691494	NA
interaction	194201	4407703	-1.28234032297712e-06	0.120237296228201	NA
interaction	194201	181707	-3.90160902685139e-06	0.365830280715991	NA
interaction	194201	2079328	-1.57634226162462e-06	0.147804079831134	NA
interaction	194201	1110862	-2.97563874440173e-05	2.79007647788931	NA
interaction	194201	4414388	-3.81066053495307e-05	3.57302590705824	NA
interaction	194201	328438	1.54660849306439e-05	1.45016124189174	NA
interaction	194201	316489	4.90455622870212e-05	4.59870573803089	NA
interaction	194201	198910	-4.51589135655828e-05	4.23427819467048	NA
interaction	194201	4371419	1.52106205173289e-05	1.42620788895637	NA
interaction	194201	192401	4.55890304138314e-05	4.2746076500958	NA
interaction	528935	585220	2.31481646084465e-06	0.217046339048531	NA
interaction	528935	682726	1.94108052881459e-08	0.00182003381133667	NA
interaction	528935	1106927	-1.73837329777264e-08	0.00162996750093784	NA
interaction	528935	1111783	-4.97714909323628e-08	0.00466677167653919	NA
interaction	528935	529021	4.71604323921472e-06	0.442194850944092	NA
interaction	528935	4361727	4.02557670015147e-06	0.377453979659418	NA
interaction	528935	147040	1.62922218453174e-06	0.152762310373511	NA
interaction	528935	4297420	-5.53814060908864e-06	0.519277949103612	NA
interaction	528935	194201	6.71745427545388e-06	0.629855058867673	NA
interaction	528935	528935	-6.60258311085458e-08	0.00619084284527568	NA
interaction	528935	520734	-6.70575162650014e-09	0.000628757772255304	NA
interaction	528935	183809	-9.66148845378137e-08	0.00905899337646723	NA
interaction	528935	294363	-1.19516614363346e-05	1.12063500678468	NA
interaction	528935	191633	-1.30498664868893e-07	0.0122360705220573	NA
interaction	528935	4385756	3.36034622715448e-05	3.15079341656872	NA
interaction	528935	152842	1.12792313100002e-05	1.05758530083367	NA
interaction	528935	346253	1.98391451081645e-05	1.8601966455727	NA
interaction	528935	4407703	-3.17641924480211e-07	0.0297833620949815	NA
interaction	528935	181707	-2.52992808970955e-07	0.0237216055447928	NA
interaction	528935	2079328	6.70575162650014e-09	0.000628757772255304	NA
interaction	528935	1110862	-5.89585858552921e-06	0.552819000202732	NA
interaction	528935	4414388	-1.34635644256884e-05	1.26239700579692	NA
interaction	528935	328438	2.56530503340564e-07	0.0240533137491297	NA
interaction	528935	316489	6.14722243591474e-06	0.576387868153245	NA
interaction	528935	198910	-1.75243719719382e-05	1.6431543688116	NA
interaction	528935	4371419	1.92451369148903e-06	0.18045000899728	NA
interaction	528935	192401	6.5260329925095e-06	0.611906642921171	NA
interaction	520734	585220	2.03452293366937e-07	0.0190764910278064	NA
interaction	520734	682726	-3.49000764218254e-08	0.00327236908325214	NA
interaction	520734	1106927	-1.18140888897686e-08	0.00110773566116017	NA
interaction	520734	1111783	8.50560581263252e-09	0.000797519213401554	NA
interaction	520734	529021	2.52992670907905e-07	0.0237215925994557	NA
interaction	520734	4361727	1.45769604168886e-06	0.136679341384438	NA
interaction	520734	147040	1.20437468327717e-06	0.112926929745722	NA
interaction	520734	4297420	-1.95514562698267e-06	0.183322180320288	NA
interaction	520734	194201	1.68934094559149e-06	0.158399282987483	NA
interaction	520734	528935	-1.74883923247488e-08	0.00163978077490693	NA
interaction	520734	520734	-1.85151492331027e-08	0.00173605356016684	NA
interaction	520734	183809	-6.61046138258974e-08	0.00619822982418771	NA
interaction	520734	294363	-1.94754612513454e-06	0.182609620995335	NA
interaction	520734	191633	-8.39028965596681e-08	0.00786706714846785	NA
interaction	520734	4385756	3.01826305867651e-06	0.283004271937879	NA
interaction	520734	152842	2.63536389939125e-06	0.247102133624373	NA
interaction	520734	346253	3.40542973280912e-06	0.319306549307816	NA
interaction	520734	4407703	-5.73817335031661e-08	0.00538033809409501	NA
interaction	520734	181707	-8.50560581263252e-09	0.000797519213401554	NA
interaction	520734	2079328	-2.6078172286873e-08	0.00244519248920379	NA
interaction	520734	1110862	-1.19123382993464e-06	0.111694791406369	NA
interaction	520734	4414388	-1.67529479648481e-06	0.157082260539742	NA
interaction	520734	328438	5.65453341805669e-07	0.0530191398832957	NA
interaction	520734	316489	1.00174789106023e-06	0.0939278409679507	NA
interaction	520734	198910	-2.15756688778372e-06	0.202301997660287	NA
interaction	520734	4371419	2.65584153424663e-07	0.0249022197591825	NA
interaction	520734	192401	8.54616141431064e-07	0.0801321866882312	NA
interaction	183809	585220	1.67661204263632e-05	1.57205770744394	NA
interaction	183809	682726	8.92003669360117e-09	0.00083637789054699	NA
interaction	183809	1106927	-5.76673946924458e-09	0.000540712281607628	NA
interaction	183809	1111783	-1.86938862854484e-08	0.00175281265252694	NA
interaction	183809	529021	7.39178884093982e-06	0.69308333255949	NA
interaction	183809	4361727	1.4401814386226e-05	1.35037102986827	NA
interaction	183809	147040	8.55865242535996e-06	0.802493073440209	NA
interaction	183809	4297420	-1.20375229135014e-05	1.12868571819078	NA
interaction	183809	194201	3.14788646608948e-06	0.295158274862031	NA
interaction	183809	528935	-5.63749378547059e-08	0.00528593695544553	NA
interaction	183809	520734	-1.50427879312775e-09	0.000141047124244825	NA
interaction	183809	183809	-9.59330369559035e-08	0.00899506065266558	NA
interaction	183809	294363	-8.06695381038799e-06	0.75638946820839	NA
interaction	183809	191633	-3.50191647611264e-09	0.000328353527655768	NA
interaction	183809	4385756	3.2160126791792e-05	3.01546057822141	NA
interaction	183809	152842	2.21798439182935e-05	2.07966981597186	NA
interaction	183809	346253	3.57461294036619e-05	3.35169835425693	NA
interaction	183809	4407703	-5.15952257295601e-07	0.0483777225815016	NA
interaction	183809	181707	-3.76288368021653e-07	0.0352822844001399	NA
interaction	183809	2079328	1.50427879312775e-09	0.000141047124244824	NA
interaction	183809	1110862	-2.86910482316483e-06	0.269018606333559	NA
interaction	183809	4414388	-1.39161685197463e-05	1.30483495425431	NA
interaction	183809	328438	1.2782926025014e-05	1.19857765960637	NA
interaction	183809	316489	8.7756552595542e-06	0.82284011672494	NA
interaction	183809	198910	-1.58181521033937e-05	1.483172451306	NA
interaction	183809	4371419	1.77543336112336e-06	0.166471648087315	NA
interaction	183809	192401	7.50504786300061e-06	0.703702946044327	NA
interaction	294363	585220	-3.17586944577234e-09	0.00029778206962009	NA
interaction	294363	682726	-9.61398234859872e-09	0.000901444977490416	NA
interaction	294363	1106927	8.40830339514155e-09	0.00078839575421841	NA
interaction	294363	1111783	2.42722408899328e-08	0.00227586122475631	NA
interaction	294363	529021	-1.02861983293569e-06	0.0964474604305949	NA
interaction	294363	4361727	1.07690603563144e-06	0.100974965612514	NA
interaction	294363	147040	-1.94017437127549e-06	0.181918416221852	NA
interaction	294363	4297420	7.41795037608098e-07	0.0695536341479344	NA
interaction	294363	194201	-3.83423384753307e-06	0.35951291765022	NA
interaction	294363	528935	1.17593810153634e-08	0.00110260603466165	NA
interaction	294363	520734	3.17586944577234e-09	0.00029778206962009	NA
interaction	294363	183809	-3.62018224126285e-08	0.00339442593158292	NA
interaction	294363	294363	6.72019609413507e-07	0.0630112142622327	NA
interaction	294363	191633	-3.62814586437138e-08	0.00340189293931552	NA
interaction	294363	4385756	9.00921217327734e-07	0.0844739335924628	NA
interaction	294363	152842	-9.25778682006321e-07	0.0868046677123277	NA
interaction	294363	346253	-2.56908782330052e-06	0.240887826820651	NA
interaction	294363	4407703	-1.01485576315881e-08	0.000951568868555345	NA
interaction	294363	181707	3.4006333242281e-08	0.00318856819084837	NA
interaction	294363	2079328	-3.39148421296067e-09	0.000317998962256992	NA
interaction	294363	1110862	6.9768981255359e-07	0.0654181539520231	NA
interaction	294363	4414388	1.07506288682046e-06	0.100802144696251	NA
interaction	294363	328438	3.35077209904334e-07	0.0314181633570182	NA
interaction	294363	316489	-2.46853625021708e-06	0.23145971396916	NA
interaction	294363	198910	1.08111388891516e-06	0.101369510564968	NA
interaction	294363	4371419	-2.54864905274691e-07	0.0238971406923717	NA
interaction	294363	192401	-2.09522871903946e-06	0.196456924611172	NA
interaction	191633	585220	1.36255164464266e-07	0.012775822672625	NA
interaction	191633	682726	-1.66925904798789e-06	0.15651632490863	NA
interaction	191633	1106927	-1.38479378296192e-06	0.12984373751143	NA
interaction	191633	1111783	-1.13441429597125e-06	0.106367167362822	NA
interaction	191633	529021	1.02767225929405e-05	0.963586121813373	NA
interaction	191633	4361727	1.70142767662136e-06	0.159532582653125	NA
interaction	191633	147040	-8.1802116332947e-06	0.767008969255802	NA
interaction	191633	4297420	2.41605286527665e-05	2.26538664393576	NA
interaction	191633	194201	-1.36255164464266e-07	0.012775822672625	NA
interaction	191633	528935	-1.53346215066938e-06	0.143783471174569	NA
interaction	191633	520734	-1.46736370458707e-06	0.137585819662394	NA
interaction	191633	183809	-2.2485865971325e-06	0.210836365300047	NA
interaction	191633	294363	9.78229975394612e-06	0.917227082571642	NA
interaction	191633	191633	-2.28517848458914e-06	0.214267365271613	NA
interaction	191633	4385756	4.34406913615416e-05	4.07317089075794	NA
interaction	191633	152842	-3.66165559354627e-07	0.0343331298562564	NA
interaction	191633	346253	6.74581537838223e-06	0.632514307955496	NA
interaction	191633	4407703	-2.64291549586317e-06	0.24781020115194	NA
interaction	191633	181707	-1.71591843153844e-06	0.160891293098641	NA
interaction	191633	2079328	-1.57106887392971e-06	0.147309626161513	NA
interaction	191633	1110862	2.91400725684452e-05	2.73228835960572	NA
interaction	191633	4414388	1.57568086548978e-05	1.4774206471583	NA
interaction	191633	328438	4.01132715717539e-06	0.37611788619871	NA
interaction	191633	316489	1.25755536032858e-06	0.117913360185187	NA
interaction	191633	198910	6.18033048736301e-06	0.579492209893261	NA
interaction	191633	4371419	-5.11941721830161e-07	0.0480016789274486	NA
interaction	191633	192401	5.28281854411921e-06	0.495337943311661	NA
interaction	4385756	585220	1.45943408156454e-07	0.0136842306871558	NA
interaction	4385756	682726	-2.36175338644709e-08	0.00221447330678116	NA
interaction	4385756	1106927	-1.97169114297134e-08	0.0018487355328387	NA
interaction	4385756	1111783	-1.62835995923568e-08	0.00152681464722416	NA
interaction	4385756	529021	-2.64498728554707e-08	0.0024800446033999	NA
interaction	4385756	4361727	4.13580259920586e-07	0.0387789195544897	NA
interaction	4385756	147040	2.44711582932419e-07	0.0229451250657134	NA
interaction	4385756	4297420	-3.8220926677177e-07	0.0358374512651279	NA
interaction	4385756	194201	2.70004801054631e-08	0.00253167171504607	NA
interaction	4385756	528935	-1.18789017418364e-08	0.00111381277029715	NA
interaction	4385756	520734	-2.08488893295085e-08	0.00195487425406791	NA
interaction	4385756	183809	-2.0210393745665e-10	1.89500638492319e-05	NA
interaction	4385756	294363	-4.37539832175303e-07	0.0410254637324059	NA
interaction	4385756	191633	2.0210393745665e-10	1.89500638492319e-05	NA
interaction	4385756	4385756	1.82788094953417e-07	0.0171389341238821	NA
interaction	4385756	152842	5.7253573504648e-07	0.0536832130617192	NA
interaction	4385756	346253	3.38375094735843e-07	0.0317273860713847	NA
interaction	4385756	4407703	1.17166615106752e-08	0.00109860048508336	NA
interaction	4385756	181707	1.65762151706481e-08	0.00155425144020148	NA
interaction	4385756	2079328	-2.2301448937248e-08	0.00209107198310712	NA
interaction	4385756	1110862	-6.23568258598507e-07	0.0584682241400203	NA
interaction	4385756	4414388	-6.16596219951741e-07	0.0578144982444333	NA
interaction	4385756	328438	6.22541488321954e-08	0.00583719501013052	NA
interaction	4385756	316489	1.30726163145284e-07	0.0122574016594783	NA
interaction	4385756	198910	-6.66388134370999e-07	0.0624831849078132	NA
interaction	4385756	4371419	-2.54173716311046e-08	0.00238323320837033	NA
interaction	4385756	192401	7.06245561394376e-08	0.00662203747738993	NA
interaction	152842	585220	1.94593635211015e-06	0.182458682315075	NA
interaction	152842	682726	-1.67426084702983e-07	0.0156985313352886	NA
interaction	152842	1106927	-1.79705621955701e-07	0.0168499092743154	NA
interaction	152842	1111783	-1.9051339005234e-07	0.0178632883211384	NA
interaction	152842	529021	1.60437511274879e-06	0.150432550732613	NA
interaction	152842	4361727	6.80752557237217e-06	0.638300499610018	NA
interaction	152842	147040	7.59777115705532e-06	0.712397048518332	NA
interaction	152842	4297420	-1.34413222428029e-05	1.26031149083303	NA
interaction	152842	194201	4.95317911283434e-06	0.464429647566989	NA
interaction	152842	528935	-1.3422640963039e-07	0.0125855986021778	NA
interaction	152842	520734	-1.76140295400491e-07	0.0165156101670598	NA
interaction	152842	183809	-5.77772937394626e-09	0.000541742738502306	NA
interaction	152842	294363	-1.10273113367503e-05	1.03396428860571	NA
interaction	152842	191633	5.77772937394629e-09	0.000541742738502309	NA
interaction	152842	4385756	8.89180726355988e-06	0.833730987629403	NA
interaction	152842	152842	1.02720972892798e-05	0.963152435063902	NA
interaction	152842	346253	1.24925700527148e-05	1.17135273621637	NA
interaction	152842	4407703	-6.74067690958578e-08	0.00632032504814966	NA
interaction	152842	181707	-3.6637657460464e-08	0.00343529154799866	NA
interaction	152842	2079328	-1.71662941934956e-07	0.0160957958125489	NA
interaction	152842	1110862	-1.19919025874721e-05	1.12440817614011	NA
interaction	152842	4414388	-1.31709226400638e-05	1.23495775551646	NA
interaction	152842	328438	2.63929531945099e-06	0.247470759105339	NA
interaction	152842	316489	4.83894338625596e-06	0.453718454406845	NA
interaction	152842	198910	-1.44630921260258e-05	1.35611667290896	NA
interaction	152842	4371419	1.89529904429246e-06	0.177710728225837	NA
interaction	152842	192401	4.02247873650556e-06	0.377163502345461	NA
interaction	346253	585220	3.85564159121129e-08	0.00361520192296501	NA
interaction	346253	682726	2.91593536012191e-09	0.000273409622543329	NA
interaction	346253	1106927	-4.95150334792119e-10	4.64272521226452e-05	NA
interaction	346253	1111783	-3.49744511441596e-09	0.000327934275113184	NA
interaction	346253	529021	-7.45942459807376e-08	0.00699425128431004	NA
interaction	346253	4361727	4.50605581181942e-07	0.0422505599924277	NA
interaction	346253	147040	-2.15153987699032e-07	0.0201736881310788	NA
interaction	346253	4297420	3.1663354666799e-07	0.0296888126064054	NA
interaction	346253	194201	-2.60078367308136e-07	0.0243859754951597	NA
interaction	346253	528935	7.0171164670092e-09	0.000657952570151401	NA
interaction	346253	520734	4.95150334792119e-10	4.64272521226452e-05	NA
interaction	346253	183809	6.15499126182902e-08	0.00577116303971774	NA
interaction	346253	294363	9.62950495285683e-08	0.00902900438207804	NA
interaction	346253	191633	6.83942450449155e-08	0.00641291469543567	NA
interaction	346253	4385756	-2.17061961014184e-07	0.0203525872490266	NA
interaction	346253	152842	-5.44407276055128e-08	0.00510457775887911	NA
interaction	346253	346253	-8.46070273498387e-07	0.0793308923393466	NA
interaction	346253	4407703	3.92735655022324e-08	0.00368244470256266	NA
interaction	346253	181707	2.44297809372212e-08	0.00229063280215602	NA
interaction	346253	2079328	1.7577518740447e-09	0.00016481376198521	NA
interaction	346253	1110862	-9.47665097925328e-08	0.00888568245595191	NA
interaction	346253	4414388	1.7452932409905e-07	0.0163645591316087	NA
interaction	346253	328438	-1.00308088402792e-08	0.000940528276563156	NA
interaction	346253	316489	-5.47203916083336e-08	0.00513080016095835	NA
interaction	346253	198910	1.79950279460934e-07	0.0168728493288423	NA
interaction	346253	4371419	-9.54563672917938e-08	0.00895036622125794	NA
interaction	346253	192401	-7.1980470622676e-08	0.00674917337763421	NA
interaction	4407703	585220	1.03246090354425e-06	0.0968076143899762	NA
interaction	4407703	682726	1.82825772141404e-07	0.0171424668859203	NA
interaction	4407703	1106927	-9.15213107122502e-07	0.0858139976582365	NA
interaction	4407703	1111783	-1.88168932334641e-06	0.17643462700711	NA
interaction	4407703	529021	1.45716541417897e-06	0.136629587652179	NA
interaction	4407703	4361727	-2.04462960191041e-07	0.0191712551431822	NA
interaction	4407703	147040	4.86773536013937e-06	0.456418103658127	NA
interaction	4407703	4297420	-5.98350334792006e-06	0.561036919478617	NA
interaction	4407703	194201	1.11301473339796e-05	1.04360659809269	NA
interaction	4407703	528935	-1.5971517451656e-06	0.149755259242746	NA
interaction	4407703	520734	-5.96516420230751e-07	0.0559317368713444	NA
interaction	4407703	183809	1.9750236522762e-07	0.0185186022525687	NA
interaction	4407703	294363	-7.24235593252699e-06	0.679071912538506	NA
interaction	4407703	191633	2.11287342071074e-07	0.0198111361568113	NA
interaction	4407703	4385756	9.99227382075668e-06	0.936915080850233	NA
interaction	4407703	152842	9.75375544037018e-06	0.914550654929491	NA
interaction	4407703	346253	1.48054228328687e-05	1.38821495280327	NA
interaction	4407703	4407703	-6.78943857638955e-07	0.0636604591390591	NA
interaction	4407703	181707	-4.02216930433188e-06	0.377134488762045	NA
interaction	4407703	2079328	-1.9750236522762e-07	0.0185186022525687	NA
interaction	4407703	1110862	-3.90690579273902e-06	0.366326926417348	NA
interaction	4407703	4414388	-7.20848339697461e-06	0.675895889747804	NA
interaction	4407703	328438	9.58716874073913e-07	0.0898930827655624	NA
interaction	4407703	316489	3.4782973143193e-06	0.326138901707943	NA
interaction	4407703	198910	-9.28284213353745e-06	0.87039596232808	NA
interaction	4407703	4371419	1.50159755051006e-06	0.140795720341269	NA
interaction	4407703	192401	3.38970096317559e-06	0.317831757710106	NA
interaction	181707	585220	1.45904729822497e-06	0.136806040537152	NA
interaction	181707	682726	-5.99667888587468e-08	0.00562272309984265	NA
interaction	181707	1106927	-1.18298278601432e-07	0.0110921140921968	NA
interaction	181707	1111783	-1.69640218536863e-07	0.0159061372733559	NA
interaction	181707	529021	1.75922357629088e-06	0.164951754603678	NA
interaction	181707	4361727	1.19365110745199e-07	0.0111921444898981	NA
interaction	181707	147040	3.73828220092553e-06	0.350516112083075	NA
interaction	181707	4297420	-7.0489683925885e-06	0.660939132565992	NA
interaction	181707	194201	2.79386119650734e-06	0.261963466550778	NA
interaction	181707	528935	-1.00818584727528e-07	0.00945314891841556	NA
interaction	181707	520734	-1.01366933449666e-07	0.00950456426156488	NA
interaction	181707	183809	-8.50501917214486e-09	0.000797464207671148	NA
interaction	181707	294363	-4.23095710023674e-06	0.396711257592617	NA
interaction	181707	191633	8.50501917214486e-09	0.000797464207671148	NA
interaction	181707	4385756	1.34252375635738e-06	0.125880332774516	NA
interaction	181707	152842	3.19938306098846e-06	0.299986799103737	NA
interaction	181707	346253	6.22065101477621e-06	0.583272821881976	NA
interaction	181707	4407703	-6.50913344654354e-08	0.00610322074707864	NA
interaction	181707	181707	-1.15976125476627e-07	0.0108743798385423	NA
interaction	181707	2079328	-8.01023501306094e-08	0.00751071289629955	NA
interaction	181707	1110862	-4.88353668682403e-06	0.457899698491682	NA
interaction	181707	4414388	-7.50443122232761e-06	0.70364512737799	NA
interaction	181707	328438	4.80573142541278e-07	0.0450604369711334	NA
interaction	181707	316489	3.99764252232254e-06	0.374834760756038	NA
interaction	181707	198910	-5.70218124535903e-06	0.534659047415263	NA
interaction	181707	4371419	1.29491042861345e-06	0.121415919007142	NA
interaction	181707	192401	3.07987695435642e-06	0.288781434282302	NA
interaction	2079328	585220	3.88211121945463e-06	0.364002089243136	NA
interaction	2079328	682726	-2.3138883874786e-07	0.0216959319222175	NA
interaction	2079328	1106927	-1.50312992792e-07	0.0140939402102867	NA
interaction	2079328	1111783	-7.89605199307966e-08	0.00740365038448642	NA
interaction	2079328	529021	4.02126568300251e-06	0.377049761655277	NA
interaction	2079328	4361727	1.45670110384525e-06	0.13658605208043	NA
interaction	2079328	147040	6.41361355224531e-06	0.601365751943438	NA
interaction	2079328	4297420	-3.07618818523029e-06	0.288435560711777	NA
interaction	2079328	194201	8.02846972109123e-06	0.7527810479147	NA
interaction	2079328	528935	-1.03541126528774e-07	0.00970842519662699	NA
interaction	2079328	520734	-1.7384804927462e-07	0.0163006801118117	NA
interaction	2079328	183809	-2.15446878443435e-07	0.0202011507247181	NA
interaction	2079328	294363	-2.149632163969e-06	0.201558006599019	NA
interaction	2079328	191633	-2.08859347556821e-07	0.0195834777962187	NA
interaction	2079328	4385756	5.96748096594062e-06	0.559534597627059	NA
interaction	2079328	152842	5.8583892189973e-06	0.549305724325451	NA
interaction	2079328	346253	1.40082978364184e-05	1.31347336306164	NA
interaction	2079328	4407703	-1.77151716421207e-07	0.0166104449988905	NA
interaction	2079328	181707	7.89605199307966e-08	0.00740365038448642	NA
interaction	2079328	2079328	-2.03402008745122e-07	0.0190717761429505	NA
interaction	2079328	1110862	-1.51927490720474e-06	0.142453219162249	NA
interaction	2079328	4414388	-3.88093074069633e-06	0.363891402889749	NA
interaction	2079328	328438	2.0565468530322e-06	0.192829959991533	NA
interaction	2079328	316489	5.74569005910371e-06	0.53873860572987	NA
interaction	2079328	198910	-4.01353213416235e-06	0.376324633554625	NA
interaction	2079328	4371419	9.41555328187607e-07	0.088283948404354	NA
interaction	2079328	192401	5.16470767329602e-06	0.484263401313348	NA
interaction	1110862	585220	8.95060710175134e-06	0.839244292823131	NA
interaction	1110862	682726	-2.05841297772834e-06	0.193004935217585	NA
interaction	1110862	1106927	-8.99423361715861e-07	0.0843334887310755	NA
interaction	1110862	1111783	1.20695041214408e-07	0.0113168440263035	NA
interaction	1110862	529021	1.63790931805679e-05	1.5357685034259	NA
interaction	1110862	4361727	7.14351190773068e-06	0.669803906162298	NA
interaction	1110862	147040	2.77538046761538e-05	2.60230640377818	NA
interaction	1110862	4297420	-9.5708378986716e-06	0.897399583367235	NA
interaction	1110862	194201	4.79627706087959e-05	4.49717891130992	NA
interaction	1110862	528935	-8.97016317669957e-07	0.0841077947691873	NA
interaction	1110862	520734	-1.2358241942974e-06	0.115875760180993	NA
interaction	1110862	183809	-2.37743153928232e-06	0.222917376244791	NA
interaction	1110862	294363	-7.1939800253859e-06	0.674535996313298	NA
interaction	1110862	191633	-2.4420515640033e-06	0.22897640512771	NA
interaction	1110862	4385756	2.86639212088751e-05	2.68764252647995	NA
interaction	1110862	152842	2.84655935672792e-05	2.66904654305377	NA
interaction	1110862	346253	6.32111476726814e-05	5.92692700327757	NA
interaction	1110862	4407703	-1.9826856757624e-06	0.185904444126498	NA
interaction	1110862	181707	-1.20695041214408e-07	0.0113168440263035	NA
interaction	1110862	2079328	-1.66327406704614e-06	0.155955149444116	NA
interaction	1110862	1110862	-3.60008245271274e-06	0.337557957553593	NA
interaction	1110862	4414388	-8.87876450386855e-06	0.832508046938433	NA
interaction	1110862	328438	7.88670607651227e-06	0.739488728378138	NA
interaction	1110862	316489	2.72123424993547e-05	2.55153677033407	NA
interaction	1110862	198910	-1.37237331893845e-05	1.28679145721464	NA
interaction	1110862	4371419	5.48991899325087e-07	0.051475649984073	NA
interaction	1110862	192401	2.38923237987498e-05	2.24023869693259	NA
interaction	4414388	585220	8.486825581278e-07	0.0795758304694133	NA
interaction	4414388	682726	-2.07833369685404e-08	0.00194872780565406	NA
interaction	4414388	1106927	-7.28853006265252e-09	0.000683401381449766	NA
interaction	4414388	1111783	4.58931962569794e-09	0.000430312744155037	NA
interaction	4414388	529021	5.15924174795081e-07	0.0483750894552766	NA
interaction	4414388	4361727	-7.68007445014383e-08	0.00720114130524039	NA
interaction	4414388	147040	7.6937223559016e-07	0.0721393812101611	NA
interaction	4414388	4297420	-2.97182389021083e-07	0.0278649951984471	NA
interaction	4414388	194201	6.46887309069784e-07	0.0606547104643105	NA
interaction	4414388	528935	-5.89371358347879e-09	0.000552617876333876	NA
interaction	4414388	520734	-1.12054284737901e-08	0.00105066525525694	NA
interaction	4414388	183809	-2.89176777382908e-08	0.00271143574147171	NA
interaction	4414388	294363	-1.75645896111438e-07	0.0164692533359536	NA
interaction	4414388	191633	-2.74741964340631e-08	0.00257608923004535	NA
interaction	4414388	4385756	1.6490026185221e-07	0.0154617002032665	NA
interaction	4414388	152842	7.53363454758428e-07	0.0706383346559605	NA
interaction	4414388	346253	1.51194994131721e-06	0.141766401413872	NA
interaction	4414388	4407703	-1.84679214985365e-08	0.0017316253011396	NA
interaction	4414388	181707	7.72458231105246e-09	0.000724287363448767	NA
interaction	4414388	2079328	-1.62629859361512e-08	0.00152488182935738	NA
interaction	4414388	1110862	-4.58931962569794e-09	0.000430312744155037	NA
interaction	4414388	4414388	-4.40224635101804e-07	0.0412772014645849	NA
interaction	4414388	328438	2.31066018932087e-07	0.0216656630605729	NA
interaction	4414388	316489	5.14394206413662e-07	0.0482316335737137	NA
interaction	4414388	198910	-5.12796854536348e-07	0.0480818595492897	NA
interaction	4414388	4371419	1.54302404028409e-07	0.0144680031731471	NA
interaction	4414388	192401	5.64680593695016e-07	0.052946683966699	NA
interaction	328438	585220	1.32272516787833e-06	0.12402393887876	NA
interaction	328438	682726	-2.7120301776828e-08	0.00254290666846391	NA
interaction	328438	1106927	-2.62724570778835e-08	0.00246340939898257	NA
interaction	328438	1111783	-2.55261738219068e-08	0.00239343493174388	NA
interaction	328438	529021	6.57491920992303e-07	0.0616490407854166	NA
interaction	328438	4361727	3.5413555260812e-06	0.332051488835855	NA
interaction	328438	147040	1.31642070116765e-06	0.123432807166008	NA
interaction	328438	4297420	-1.74484142606122e-06	0.163603227362837	NA
interaction	328438	194201	1.22388301329976e-06	0.114756107861558	NA
interaction	328438	528935	-3.45038541533105e-08	0.00323521771756707	NA
interaction	328438	520734	-2.65185736738599e-08	0.00248648626362361	NA
interaction	328438	183809	-4.67329543118792e-09	0.000438186647532933	NA
interaction	328438	294363	-1.72182154770552e-06	0.161444792598371	NA
interaction	328438	191633	4.67329543118792e-09	0.000438186647532933	NA
interaction	328438	4385756	2.98684360742952e-06	0.280058260025736	NA
interaction	328438	152842	1.70413910797388e-06	0.159786817171758	NA
interaction	328438	346253	2.96267193804602e-06	0.277791828782861	NA
interaction	328438	4407703	-6.07854652966239e-08	0.00569948543789933	NA
interaction	328438	181707	-8.49596037478111e-08	0.00796614819031814	NA
interaction	328438	2079328	-2.68279819073332e-08	0.00251549760231193	NA
interaction	328438	1110862	-1.62896894688146e-06	0.152738565810678	NA
interaction	328438	4414388	-2.41243736429953e-06	0.226199660734242	NA
interaction	328438	328438	7.26373626308072e-07	0.0681076616821904	NA
interaction	328438	316489	8.91417218914758e-07	0.0835828011434103	NA
interaction	328438	198910	-2.81485885733702e-06	0.263932290208616	NA
interaction	328438	4371419	3.5012549793272e-07	0.0328291503103066	NA
interaction	328438	192401	8.74746848437137e-07	0.0820197213295446	NA
interaction	316489	585220	2.91167963630461e-06	0.273010589060471	NA
interaction	316489	682726	-2.26097292666069e-07	0.0211997756504842	NA
interaction	316489	1106927	-3.54041354370725e-07	0.0331963164845952	NA
interaction	316489	1111783	-4.66654614591641e-07	0.0437553807874085	NA
interaction	316489	529021	1.02730623701657e-05	0.963242924861559	NA
interaction	316489	4361727	2.80946395192256e-06	0.263426442557397	NA
interaction	316489	147040	1.35287524210785e-05	1.26850928985428	NA
interaction	316489	4297420	-1.51399864485015e-05	1.41958495953177	NA
interaction	316489	194201	1.60594792386717e-05	1.50580023718498	NA
interaction	316489	528935	-3.49780419183032e-07	0.0327967943630554	NA
interaction	316489	520734	-3.16904160945711e-07	0.0297141864704967	NA
interaction	316489	183809	-4.60520929045532e-08	0.00431802621915384	NA
interaction	316489	294363	-7.8788080525891e-06	0.738748178443732	NA
interaction	316489	191633	4.60520929045532e-08	0.00431802621915384	NA
interaction	316489	4385756	1.26999913559634e-05	1.19080137729539	NA
interaction	316489	152842	1.12080431799339e-05	1.05091042043777	NA
interaction	316489	346253	2.46865168107875e-05	2.31470537222909	NA
interaction	316489	4407703	-2.24615075505192e-07	0.0210607971120623	NA
interaction	316489	181707	-4.49106855775027e-07	0.0421100335756201	NA
interaction	316489	2079328	-2.7112022272263e-07	0.0254213034939699	NA
interaction	316489	1110862	-7.83873305650661e-06	0.734990588442874	NA
interaction	316489	4414388	-1.07645249748725e-05	1.00932440083826	NA
interaction	316489	328438	4.05686204874782e-06	0.380387417577091	NA
interaction	316489	316489	1.84321515437574e-05	1.72827136882399	NA
interaction	316489	198910	-1.32206784104479e-05	1.23962305317227	NA
interaction	316489	4371419	3.33845313685133e-06	0.313026558993047	NA
interaction	316489	192401	1.61851939099088e-05	1.51758774155876	NA
interaction	198910	585220	5.81468931332176e-07	0.0545208248476251	NA
interaction	198910	682726	-1.28844785401042e-08	0.00120809962473593	NA
interaction	198910	1106927	-1.51461128485282e-08	0.00142015939500855	NA
interaction	198910	1111783	-1.71366906831305e-08	0.00160680383913606	NA
interaction	198910	529021	1.46893365138047e-07	0.0137733024077852	NA
interaction	198910	4361727	4.46254518697993e-07	0.0418425871794264	NA
interaction	198910	147040	5.08237563005103e-08	0.00476543623579355	NA
interaction	198910	4297420	-2.43363658739758e-07	0.0228187383666896	NA
interaction	198910	194201	-1.94441538077003e-07	0.018231607003166	NA
interaction	198910	528935	-1.35411631755565e-08	0.00126967297123889	NA
interaction	198910	520734	-1.44894964029385e-08	0.00135859244225658	NA
interaction	198910	183809	2.88894109637542e-09	0.000270878533698666	NA
interaction	198910	294363	-5.94320248486891e-08	0.005572581512982	NA
interaction	198910	191633	1.12414255374862e-08	0.0010540404822021	NA
interaction	198910	4385756	3.94520449470687e-07	0.0369917964062466	NA
interaction	198910	152842	8.20722566213637e-08	0.00769541911353897	NA
interaction	198910	346253	1.67716236317757e-07	0.0157257370973096	NA
interaction	198910	4407703	-2.88894109637542e-09	0.000270878533698666	NA
interaction	198910	181707	-4.34270393737297e-09	0.000407189082643084	NA
interaction	198910	2079328	-1.36649946505558e-08	0.00128128389969141	NA
interaction	198910	1110862	-6.32503278774438e-08	0.00593060069410823	NA
interaction	198910	4414388	-3.71195949402985e-07	0.0348047991062599	NA
interaction	198910	328438	2.96154314449024e-07	0.027768598863831	NA
interaction	198910	316489	4.43656125980042e-08	0.00415989516098764	NA
interaction	198910	198910	-2.49417335745421e-07	0.0233863550456302	NA
interaction	198910	4371419	1.01011353883136e-07	0.00947122371622952	NA
interaction	198910	192401	2.53769782953132e-08	0.00237944576958035	NA
interaction	4371419	585220	7.24996898712975e-07	0.0679785742623291	NA
interaction	4371419	682726	-1.3169581377608e-07	0.0123483199344821	NA
interaction	4371419	1106927	-2.67909940185133e-07	0.0251202947168763	NA
interaction	4371419	1111783	-3.87802495949053e-07	0.0363618945360842	NA
interaction	4371419	529021	9.86315855041794e-07	0.0924808722866214	NA
interaction	4371419	4361727	1.81080586623434e-08	0.00169788313951403	NA
interaction	4371419	147040	1.76279059952638e-06	0.165286212798382	NA
interaction	4371419	4297420	-6.66319779009783e-06	0.624767756390192	NA
interaction	4371419	194201	1.48550723482029e-06	0.13928702875657	NA
interaction	4371419	528935	-2.71895146809967e-07	0.0254939634387397	NA
interaction	4371419	520734	-2.28372748177948e-07	0.0214131313514113	NA
interaction	4371419	183809	-1.81080586623434e-08	0.00169788313951403	NA
interaction	4371419	294363	-6.18192574942318e-06	0.579641787968172	NA
interaction	4371419	191633	2.5577442179976e-08	0.00239824205559848	NA
interaction	4371419	4385756	3.52516466872134e-06	0.330533370066847	NA
interaction	4371419	152842	1.73741440965355e-06	0.162906840954409	NA
interaction	4371419	346253	5.04122819256419e-06	0.472685477234357	NA
interaction	4371419	4407703	-1.43391567706747e-07	0.0134449600422414	NA
interaction	4371419	181707	-3.72514024152809e-07	0.0349283870035644	NA
interaction	4371419	2079328	-1.78337817928771e-07	0.0167216585634696	NA
interaction	4371419	1110862	-7.79761942294519e-06	0.731135611687511	NA
interaction	4371419	4414388	-1.02401171454254e-05	0.960153850397138	NA
interaction	4371419	328438	1.94240185503137e-07	0.0182127273901362	NA
interaction	4371419	316489	1.85086052610511e-06	0.173543997148685	NA
interaction	4371419	198910	-8.41488909747769e-06	0.789013255694791	NA
interaction	4371419	4371419	8.75854873179482e-07	0.0821236141080734	NA
interaction	4371419	192401	1.69065732904901e-06	0.158522712302537	NA
interaction	192401	585220	5.23685311596458e-07	0.0491028043121941	NA
interaction	192401	682726	-7.93737063346324e-08	0.00744239237453796	NA
interaction	192401	1106927	-1.37294956888169e-07	0.0128733177193364	NA
interaction	192401	1111783	-1.8827448324003e-07	0.0176533595707159	NA
interaction	192401	529021	8.84717888843191e-07	0.0829546454815222	NA
interaction	192401	4361727	3.44744775948831e-07	0.0323246325535878	NA
interaction	192401	147040	2.14335207763194e-06	0.200969160886443	NA
interaction	192401	4297420	-2.8344839011659e-06	0.265772411872159	NA
interaction	192401	194201	1.64653157525993e-06	0.154385307251348	NA
interaction	192401	528935	-1.27294279625883e-07	0.0119356146985997	NA
interaction	192401	520734	-1.2048214605805e-07	0.0112968821351254	NA
interaction	192401	183809	-1.67593619914865e-08	0.00157142400988195	NA
interaction	192401	294363	-1.50096546728273e-06	0.140736453720012	NA
interaction	192401	191633	1.67593619914865e-08	0.00157142400988195	NA
interaction	192401	4385756	1.94514473790273e-06	0.182384457438691	NA
interaction	192401	152842	1.8287506904537e-06	0.171470891584474	NA
interaction	192401	346253	3.61861092612023e-06	0.339295260441004	NA
interaction	192401	4407703	-7.81832083650483e-08	0.00733076658030602	NA
interaction	192401	181707	-1.61359276921793e-07	0.0151296834629447	NA
interaction	192401	2079328	-9.88748864900285e-08	0.00927090009057093	NA
interaction	192401	1110862	-1.69029266112641e-06	0.158488519597022	NA
interaction	192401	4414388	-2.3700090129545e-06	0.222221410843993	NA
interaction	192401	328438	5.83218721699138e-07	0.054684892107244	NA
interaction	192401	316489	1.66369696268904e-06	0.155994801810791	NA
interaction	192401	198910	-2.61337476178754e-06	0.245040345186088	NA
interaction	192401	4371419	7.08437714993677e-07	0.0664259197583111	NA
interaction	192401	192401	1.51558550306803e-06	0.142107286050623	NA
