OTUID	1	2	3	4	5	6	7	8	9	10	11	12	13	14	15	16	17	18	19	20	21	22	23	24	25	26	27	28	29	30	31	32	33	34	35	36	37	38	39	40	41	42	43	44	45	46	47	48	49	50	51	52	53	54	55	56	57	58	59	60	61	62	63	64	65	66	67	68	69	70	71	72	73	74	75	76	77	78	79	80	81	82	83	84	85	86	87	88	89	90	91	92	93	94	95	96	97	98	99	100	101	102	103	104	105	106	107	108	109	110	111	112	113	114	115	116	117	118	119	120	121	122	123	124	125	126	127	128	129	130	131
367104	16	9	18	33	134	440	101	62	201	119	207	172	153	154	96	112	64	101	77	98	134	244	181	83	145	179	130	119	72	64	82	51	64	115	139	52	228	87	63	171	83	243	369	379	126	248	147	665	402	91	109	196	211	208	171	264	94	48	49	100	401	235	172	98	218	157	127	263	176	78	112	185	123	201	262	186	141	251	132	266	194	129	447	238	257	196	177	188	166	368	82	174	208	207	189	240	365	192	342	272	205	483	204	219	220	163	71	153	380	113	126	149	184	93	190	75	383	146	94	39	154	319	92	117	165	69	272	210	122	90	120
4479888	21	33	98	73	48	62	60	32	39	34	59	41	44	48	36	10	17	30	44	25	18	53	32	49	12	34	29	35	54	48	33	32	8	26	18	24	38	75	14	20	22	40	30	44	30	31	39	42	22	29	96	47	24	7	24	28	11	41	37	38	14	38	32	29	59	43	40	18	35	16	2	34	13	18	42	22	11	62	58	49	15	21	40	32	25	42	24	25	14	49	29	64	64	88	26	56	27	41	28	67	172	52	102	58	34	56	47	34	100	20	21	55	48	134	72	81	75	14	51	82	38	47	50	144	36	55	41	14	22	70	58
851668	12	32	54	54	55	142	15	18	58	37	37	50	31	59	11	24	45	10	35	15	53	50	39	9	25	44	49	32	12	13	18	10	105	22	32	14	59	23	19	29	22	39	97	97	33	43	49	249	89	39	26	51	59	114	37	65	26	17	14	31	102	77	35	36	66	39	32	71	135	75	154	55	61	134	73	50	77	72	72	99	134	40	98	52	51	42	52	34	56	72	12	39	52	70	58	30	68	38	77	63	37	85	47	33	49	35	9	40	55	43	29	35	47	30	25	17	68	94	38	15	63	62	22	14	33	27	51	33	32	9	45
368324	17	9	20	40	76	51	13	15	51	51	26	18	40	35	4	18	16	12	27	21	18	24	37	22	10	24	20	35	32	25	31	20	37	58	33	22	14	42	20	44	36	47	41	270	73	67	71	146	19	61	81	140	66	88	49	28	166	90	76	85	168	125	33	99	118	52	60	33	28	25	45	55	52	40	69	48	50	46	48	101	45	108	71	60	69	26	30	53	47	52	31	106	79	118	73	47	29	53	67	121	63	107	103	73	68	141	84	49	215	26	64	112	128	138	70	90	72	65	88	128	145	60	40	104	241	47	95	58	96	32	61
358016	3	1	237	331	273	413	318	597	542	494	493	338	416	300	194	405	428	581	360	317	383	352	312	249	311	208	193	280	197	319	309	434	375	410	715	250	478	456	386	415	442	750	215	138	414	416	431	341	345	462	335	207	406	182	571	361	587	438	509	519	182	415	444	286	475	304	327	335	166	199	267	383	578	319	160	205	155	233	70	349	841	78	325	255	255	231	207	179	224	278	314	238	265	128	322	302	384	425	352	305	129	185	137	151	215	198	234	151	158	277	285	227	327	227	237	223	124	411	300	248	183	204	327	126	215	285	268	159	336	288	178
364109	7	2	2	14	38	139	35	21	50	40	64	56	41	44	22	33	11	24	29	33	52	64	44	21	47	51	49	31	38	12	26	10	19	22	33	21	63	28	19	50	22	62	92	117	35	54	33	180	118	18	37	63	68	59	44	88	27	14	18	30	106	73	53	29	70	31	53	85	54	28	32	40	23	74	82	37	36	90	43	76	71	50	115	90	77	57	53	49	34	109	16	51	63	56	51	57	106	65	111	64	62	120	56	48	54	49	26	39	93	26	17	40	62	26	34	19	93	43	25	7	44	86	21	23	47	27	78	48	33	21	33
1105014	165	57	60	60	87	58	16	18	16	13	16	3	3	13	4	7	7	9	6	6	11	7	9	4	6	22	32	16	19	22	29	10	22	22	24	6	22	40	17	11	11	24	16	117	26	22	18	72	60	22	33	63	53	59	40	20	31	22	19	37	29	23	13	41	59	17	20	10	9	15	34	40	23	33	75	39	60	55	34	36	25	35	50	63	35	20	11	24	35	33	11	26	28	42	34	27	15	16	29	39	15	98	60	28	11	35	27	22	75	14	21	21	29	60	20	9	52	18	35	35	41	30	10	42	41	16	49	32	41	17	36
193041	122	49	184	686	732	811	391	1673	2612	1989	2331	1604	2057	1227	1532	1683	1961	1114	1663	1769	2279	1826	981	938	1837	680	1991	1915	2044	2068	881	1396	1835	1767	1508	797	898	387	371	1115	1187	500	669	605	641	511	467	928	729	1464	1075	447	852	1080	821	909	1109	837	811	842	1140	1818	649	1324	1896	1130	1234	1240	1006	2789	1514	995	1983	3058	1452	1077	1145	979	616	1583	1327	444	878	875	1031	1243	1345	1333	1851	908	1073	1483	1018	1071	1163	491	1009	837	1734	1622	487	766	874	831	1053	704	756	1690	732	1059	830	489	822	987	919	670	792	1136	1608	1079	1487	392	388	338	1679	1290	403	1242	1430	1455	1453
528634	17	35	32	15	75	44	28	54	32	43	36	36	41	34	17	6	7	18	38	33	10	21	7	11	35	29	37	19	22	30	26	32	11	19	38	30	34	37	10	12	18	57	17	6	45	10	20	17	34	38	31	27	30	19	49	17	56	45	34	65	6	26	42	18	10	13	34	29	20	11	33	45	27	29	62	28	40	25	44	27	31	9	39	41	30	52	30	31	17	36	52	42	53	33	24	28	23	23	38	55	19	53	48	20	12	26	69	37	33	34	23	15	36	41	64	52	30	7	54	6	50	18	24	58	31	26	27	23	28	65	28
271563	0	0	0	0	0	4	0	100	396	204	191	502	153	287	296	434	266	201	271	102	227	164	200	33	175	190	546	384	160	234	32	179	766	801	853	438	784	215	153	177	331	84	350	730	172	278	35	101	293	64	114	108	185	232	196	65	86	51	80	177	347	201	155	111	176	183	145	207	94	122	95	124	93	203	228	266	292	158	59	412	258	171	527	373	307	183	350	139	234	489	153	171	51	459	237	160	215	109	175	89	234	202	242	290	214	343	134	213	236	260	276	154	124	208	240	138	268	539	238	207	303	316	114	71	27	95	178	71	91	192	382
1976824	20	26	46	54	28	38	29	21	20	20	29	22	34	38	16	7	13	23	19	23	17	45	24	35	5	14	16	24	38	27	29	21	6	16	13	13	41	48	14	15	19	24	20	30	23	20	15	20	19	14	73	35	13	4	17	18	17	26	22	23	10	31	28	20	23	32	18	12	27	2	1	18	8	20	30	12	8	34	23	47	11	7	38	17	12	25	13	33	14	43	17	44	50	67	20	31	13	26	17	33	88	38	74	30	12	49	43	16	68	24	14	42	29	75	55	57	68	17	29	35	23	31	35	98	26	64	37	11	26	44	37
560336	119	2	0	0	1	1	331	27	1	0	29	21	75	0	4	0	1	9	8	21	0	9	807	379	97	419	15	163	119	1	77	2	555	1092	727	1391	289	374	1390	425	320	1194	533	382	678	382	389	318	359	264	435	1086	200	395	177	95	147	149	232	96	312	212	106	357	78	150	431	145	728	218	404	334	226	165	192	251	234	183	1531	146	288	905	351	689	535	374	244	325	229	329	244	280	279	257	149	175	96	259	100	332	420	237	328	236	280	416	579	134	179	67	181	681	248	145	301	359	235	189	96	188	97	86	350	460	398	59	111	157	209	253	109
531444	3	1	6	18	3	8	7	22	31	46	15	31	49	19	32	28	35	50	30	28	47	21	26	6	45	11	33	57	52	49	28	28	21	26	48	26	19	11	5	32	49	13	26	13	39	32	25	19	42	68	35	3	47	20	36	9	26	28	35	60	35	50	32	40	25	36	31	25	18	35	39	44	43	44	14	27	11	26	9	27	17	6	15	12	26	40	30	47	58	20	36	46	32	19	30	13	38	32	82	53	6	22	11	49	24	19	20	43	13	20	24	10	46	13	21	14	26	30	74	30	37	2	23	7	21	65	23	25	48	37	36
198162	118	1037	760	352	123	189	108	239	414	424	199	300	343	238	276	340	523	466	358	366	360	253	578	181	500	378	461	583	359	395	490	583	264	267	786	339	510	411	141	458	672	483	522	494	1428	1846	745	448	1324	1168	886	131	935	921	1553	113	447	541	865	1443	540	629	858	624	518	506	446	698	380	254	544	909	748	383	237	434	408	702	273	242	739	235	356	202	600	678	517	724	741	446	688	1142	985	496	446	404	815	957	945	1155	275	439	335	1306	473	543	649	576	183	394	444	385	740	302	350	636	416	433	1047	484	509	301	510	685	397	1470	554	466	802	732	480
181985	10	43	19	22	21	22	16	24	19	24	22	19	24	31	33	22	23	13	21	24	33	29	26	30	33	30	20	19	23	22	17	32	28	7	12	9	26	23	17	21	22	28	42	20	20	15	31	22	20	32	25	30	45	25	18	43	22	30	25	18	17	27	19	23	23	33	32	26	29	33	28	25	26	19	26	36	43	29	15	27	41	19	28	27	34	38	30	35	28	11	34	20	22	31	34	26	39	37	13	18	33	15	28	19	26	28	25	25	14	29	20	23	21	23	15	25	31	45	26	33	19	30	14	23	34	17	30	24	42	28	23
4435546	52	22	1024	988	657	986	1445	1015	293	249	463	251	674	485	559	541	486	1263	285	473	183	462	0	790	489	393	267	527	590	713	617	527	152	188	36	1	1	2	1	0	4	1	0	2	97	146	755	59	442	150	714	387	105	1	315	150	111	487	451	213	9	80	780	114	263	328	225	137	537	37	1	56	102	123	442	18	35	323	385	331	1	620	4	2	2	58	82	284	312	373	482	101	398	202	40	419	193	325	115	189	183	572	416	438	275	112	124	133	541	350	10	723	326	430	545	619	211	10	73	5	26	440	1063	810	239	352	440	117	15	59	265
3718952	30	31	49	33	54	24	13	3	19	19	95	20	18	12	14	13	11	5	14	29	23	24	23	6	19	24	10	12	17	45	5	5	15	12	19	18	19	11	5	12	23	12	6	55	27	26	0	23	22	25	22	35	41	45	24	24	32	19	14	51	61	36	19	53	51	17	8	26	15	15	23	33	39	64	75	63	68	41	30	63	25	34	53	124	78	26	15	22	37	83	36	82	33	14	17	16	43	53	40	32	50	83	41	48	52	49	44	32	105	96	31	50	30	36	37	18	47	33	19	17	63	105	15	11	34	26	79	65	52	32	55
3335289	260	1898	1386	578	467	228	124	204	526	541	423	508	242	197	281	295	286	225	329	545	384	342	525	97	188	223	551	358	320	259	184	286	47	133	173	322	218	301	543	387	569	578	396	139	573	623	388	198	147	413	125	110	112	276	280	259	265	223	191	261	130	173	140	111	23	90	145	259	100	168	371	475	252	214	198	165	128	102	67	104	100	22	134	66	79	214	108	107	157	101	182	87	147	164	118	78	191	222	97	114	60	244	245	187	145	74	97	145	64	180	73	31	128	85	118	229	87	25	125	130	84	40	142	111	115	237	166	94	194	262	174
2430157	1160	3863	1913	2642	2510	2216	2451	2405	2298	2967	2406	2938	2485	3847	3438	2387	2273	2089	3462	2733	3187	2754	2669	3271	2990	3051	2759	2594	2659	2378	3869	3058	2978	1771	1641	1449	2698	3126	1863	2938	2637	2390	3541	2030	1934	1634	2968	3131	2273	2968	2056	2588	3827	3490	2447	4563	2750	2696	2662	2189	1800	2807	2689	3557	2500	3606	3686	3042	3291	3406	3303	3347	3218	2277	2581	3714	4288	3854	2506	2926	3418	1968	3246	2876	3545	4026	3257	3535	2445	2104	3426	2406	3163	3183	3850	3574	2933	3119	2969	2062	2610	2370	3133	2197	2960	2719	3295	2851	1735	3380	3968	2261	3081	3131	2612	2836	3489	3621	3043	3683	2847	3043	2359	2464	3006	2485	2810	3713	3822	3550	2859
516298	1	6	4	4	95	68	16	25	24	37	19	9	47	37	17	12	40	22	17	20	19	36	18	34	37	16	15	30	16	9	32	8	27	23	17	4	5	43	11	25	27	15	27	57	45	27	69	49	24	12	15	53	30	37	29	46	110	81	49	44	70	35	22	78	82	12	15	7	7	4	36	25	26	13	76	54	39	36	17	73	22	106	76	49	161	12	23	24	43	92	25	41	42	118	49	38	17	42	45	74	71	10	15	56	51	140	93	24	93	32	109	71	182	104	65	57	78	26	65	48	70	40	58	94	64	44	70	53	64	28	28
192708	76	37	1357	1435	953	1313	2027	1315	395	393	740	390	917	627	742	642	558	1407	450	702	223	592	0	1250	524	596	380	783	893	885	655	694	256	259	42	2	0	1	0	0	2	3	0	1	184	167	996	138	586	211	1040	584	157	6	369	287	149	646	644	291	19	96	865	119	308	479	283	208	809	36	0	99	144	219	594	24	68	509	518	437	2	973	10	4	2	64	120	483	427	556	618	158	546	292	39	511	259	431	179	244	240	740	509	674	463	143	190	178	579	356	23	963	450	492	720	961	233	6	72	8	37	592	1400	1131	361	412	487	112	9	75	312
367394	11	47	22	31	27	19	22	21	24	30	22	22	23	39	34	22	20	26	34	22	32	28	24	30	40	29	20	31	29	27	43	35	37	21	18	16	34	39	28	25	20	28	35	27	19	17	17	25	16	33	23	32	32	30	20	43	23	29	18	23	22	29	34	35	27	40	34	29	32	33	33	35	29	12	24	34	36	39	25	41	36	20	26	28	37	48	32	44	32	31	37	20	37	34	42	29	28	37	34	23	33	23	48	14	33	32	24	31	21	35	33	24	30	23	25	32	29	34	24	40	32	22	24	18	33	26	36	46	48	30	34
