parameter_type	source_taxon	target_taxon	value	significance	MCMC_std
growth_rate	NA	585220	0.0807124251174891	10000	NA
growth_rate	NA	682726	0.0639776766326441	10000	NA
growth_rate	NA	1106927	0.0652947853330684	10000	NA
growth_rate	NA	1111783	0.0630426414558763	10000	NA
growth_rate	NA	529021	0.0936993153609344	10000	NA
growth_rate	NA	4361727	0.0775959612900589	10000	NA
growth_rate	NA	147040	0.100249023121184	10000	NA
growth_rate	NA	4297420	0.196335360492349	10000	NA
growth_rate	NA	194201	0.103781958450445	10000	NA
growth_rate	NA	528935	0.0654771231276177	10000	NA
growth_rate	NA	520734	0.115355826499181	10000	NA
growth_rate	NA	183809	0.0632486103832775	10000	NA
growth_rate	NA	294363	0.119069008181007	10000	NA
growth_rate	NA	191633	0.0651368884626423	10000	NA
growth_rate	NA	4385756	0.147742823628468	10000	NA
growth_rate	NA	152842	0.108250712508912	10000	NA
growth_rate	NA	346253	0.147983724875086	10000	NA
growth_rate	NA	4407703	0.0664823719151851	10000	NA
growth_rate	NA	181707	0.0660183018933109	10000	NA
growth_rate	NA	2079328	0.0794854681117338	10000	NA
growth_rate	NA	1110862	0.115190257784035	10000	NA
growth_rate	NA	4414388	0.0637420371815657	10000	NA
growth_rate	NA	328438	0.073993668391801	10000	NA
growth_rate	NA	316489	0.095924429939651	10000	NA
growth_rate	NA	198910	0.0781727416922689	10000	NA
growth_rate	NA	4371419	0.100912610473697	10000	NA
growth_rate	NA	192401	0.0986941676435139	10000	NA
interaction	585220	585220	-8.34150305015239e-06	0.48373741521346	NA
interaction	585220	682726	1.73494765462722e-07	0.0100612454246443	NA
interaction	585220	1106927	1.54813791284383e-07	0.00897790515510697	NA
interaction	585220	1111783	1.38370748088254e-07	0.00802434616626338	NA
interaction	585220	529021	-1.3501106325728e-06	0.0782951254379798	NA
interaction	585220	4361727	-2.75575324979224e-06	0.159810641560125	NA
interaction	585220	147040	-1.9111889430323e-05	1.10832975032012	NA
interaction	585220	4297420	3.21764833955845e-05	1.86596693843497	NA
interaction	585220	194201	-7.51314880216045e-06	0.435699796525855	NA
interaction	585220	528935	1.79815766876924e-07	0.0104278106428409	NA
interaction	585220	520734	1.6023576806822e-07	0.00929233446346917	NA
interaction	585220	183809	6.12046458965582e-07	0.0354935759503382	NA
interaction	585220	294363	1.17343793791122e-05	0.680495866974736	NA
interaction	585220	191633	8.16732510783254e-07	0.0473636551244649	NA
interaction	585220	4385756	-2.25332194225532e-05	1.30673827658727	NA
interaction	585220	152842	-1.18536491271996e-05	0.687412514886517	NA
interaction	585220	346253	-1.57446275873365e-05	0.913056724526109	NA
interaction	585220	4407703	-1.05693127355257e-07	0.00612931745337253	NA
interaction	585220	181707	1.05693127355257e-07	0.00612931745337253	NA
interaction	585220	2079328	1.67043978836191e-07	0.0096871537495529	NA
interaction	585220	1110862	1.33128246694361e-05	0.772032492952856	NA
interaction	585220	4414388	2.10028630838642e-05	1.21799040762624	NA
interaction	585220	328438	-1.68726602176214e-06	0.0978473183115127	NA
interaction	585220	316489	-4.21921643049816e-06	0.244679266799291	NA
interaction	585220	198910	2.02337598321522e-05	1.17338885119468	NA
interaction	585220	4371419	-2.87785583481811e-05	1.66891570322743	NA
interaction	585220	192401	-4.07929133566762e-06	0.236564781521295	NA
interaction	682726	585220	-1.14664922016626e-07	0.00664960651077891	NA
interaction	682726	682726	7.68223084368656e-09	0.000445505140866688	NA
interaction	682726	1106927	2.34765982219734e-09	0.000136144635728387	NA
interaction	682726	1111783	-2.34765982219734e-09	0.000136144635728387	NA
interaction	682726	529021	-1.2454268718168e-07	0.00722243428058251	NA
interaction	682726	4361727	-2.7860643987422e-07	0.0161568434700886	NA
interaction	682726	147040	-5.02345764519648e-07	0.0291318531218093	NA
interaction	682726	4297420	9.90160801249711e-07	0.0574210455552699	NA
interaction	682726	194201	-3.00637478401679e-07	0.017434459454602	NA
interaction	682726	528935	1.15614164197865e-08	0.000670465461858435	NA
interaction	682726	520734	3.89623927108593e-09	0.000225949292677397	NA
interaction	682726	183809	2.06421639101067e-08	0.00119707287214924	NA
interaction	682726	294363	1.19412803336584e-06	0.0692494391983434	NA
interaction	682726	191633	2.54446121881055e-08	0.00147557470841639	NA
interaction	682726	4385756	-1.62518576371285e-06	0.094247182534544	NA
interaction	682726	152842	-3.20183976759245e-07	0.0185679928879788	NA
interaction	682726	346253	-7.51075169300388e-07	0.0435560784242288	NA
interaction	682726	4407703	3.06978997523722e-09	0.000178022145282596	NA
interaction	682726	181707	2.81060090160988e-08	0.00162991346663422	NA
interaction	682726	2079328	5.84106939949682e-09	0.000338733175113256	NA
interaction	682726	1110862	1.07269425170036e-06	0.0622072954372877	NA
interaction	682726	4414388	1.71532436915101e-06	0.0994744678023716	NA
interaction	682726	328438	-2.39448757737327e-08	0.00138860253898501	NA
interaction	682726	316489	-2.39695636319597e-07	0.0139003422829257	NA
interaction	682726	198910	1.51529627966671e-06	0.0878745114880891	NA
interaction	682726	4371419	-3.137803137559e-07	0.0181966339889278	NA
interaction	682726	192401	-1.9017755156769e-07	0.0110287074971816	NA
interaction	1106927	585220	-7.44274052929575e-06	0.431616705538483	NA
interaction	1106927	682726	1.71090118766654e-06	0.0992179602682433	NA
interaction	1106927	1106927	8.94979079761528e-07	0.0519013017331514	NA
interaction	1106927	1111783	1.96092192319331e-07	0.0113717071954269	NA
interaction	1106927	529021	-3.77851319147699e-05	2.1912216462735	NA
interaction	1106927	4361727	-7.38362198924664e-06	0.428188324636072	NA
interaction	1106927	147040	-2.12710146001168e-05	1.23354095296294	NA
interaction	1106927	4297420	3.30353244080092e-05	1.91577253449264	NA
interaction	1106927	194201	-2.42739493492713e-05	1.40768605425666	NA
interaction	1106927	528935	9.03050288427645e-07	0.052369364334618	NA
interaction	1106927	520734	1.13882899274765e-06	0.0660425573196708	NA
interaction	1106927	183809	1.89518037314302e-06	0.109904611861376	NA
interaction	1106927	294363	5.13878964496735e-05	2.98006822659711	NA
interaction	1106927	191633	1.87605871199412e-06	0.108795715433102	NA
interaction	1106927	4385756	-0.000148717436096287	8.62436753926218	NA
interaction	1106927	152842	-4.23226972852726e-05	2.45436248917579	NA
interaction	1106927	346253	-8.64055206468009e-05	5.01079757048019	NA
interaction	1106927	4407703	1.02015398658351e-06	0.0591603994654893	NA
interaction	1106927	181707	-1.96092192319331e-07	0.0113717071954269	NA
interaction	1106927	2079328	1.43266167270744e-06	0.0830823953745637	NA
interaction	1106927	1110862	3.14936556767294e-05	1.82636864136919	NA
interaction	1106927	4414388	6.99935323185113e-05	4.05903950425311	NA
interaction	1106927	328438	-6.55570832517798e-06	0.380176256131324	NA
interaction	1106927	316489	-4.77817161470446e-05	2.77093992826776	NA
interaction	1106927	198910	8.508787831629e-05	4.93438533502275	NA
interaction	1106927	4371419	-4.92778672169188e-06	0.285770417770319	NA
interaction	1106927	192401	-5.12411726538145e-05	2.97155947351839	NA
interaction	1111783	585220	-7.0719711612766e-08	0.00410115183013398	NA
interaction	1111783	682726	4.24689628236917e-08	0.0024628446671555	NA
interaction	1111783	1106927	1.60179791132549e-08	0.000928908826934677	NA
interaction	1111783	1111783	-7.26356952072779e-09	0.000421226285485316	NA
interaction	1111783	529021	-7.80732718392026e-07	0.0452759682393975	NA
interaction	1111783	4361727	-9.24442481202723e-08	0.00536099326082909	NA
interaction	1111783	147040	-1.29732380147622e-06	0.0752339307014388	NA
interaction	1111783	4297420	1.48423932598265e-06	0.0860734679100668	NA
interaction	1111783	194201	-9.59251882675457e-07	0.0556285867755684	NA
interaction	1111783	528935	1.8295074960642e-08	0.00106096134226502	NA
interaction	1111783	520734	2.36956103146024e-08	0.00137414722701345	NA
interaction	1111783	183809	7.04862880734249e-08	0.00408761521702099	NA
interaction	1111783	294363	2.19456666610165e-06	0.127266513024201	NA
interaction	1111783	191633	7.63751307790386e-08	0.0044291188443511	NA
interaction	1111783	4385756	-2.48856408982102e-06	0.144315904839364	NA
interaction	1111783	152842	-1.59054976078857e-06	0.0922385840329093	NA
interaction	1111783	346253	-2.93558178580461e-06	0.170239192706031	NA
interaction	1111783	4407703	4.55947065852028e-08	0.00264411166408902	NA
interaction	1111783	181707	7.26356952072779e-09	0.000421226285485316	NA
interaction	1111783	2079328	3.3249182093406e-08	0.0019281744917101	NA
interaction	1111783	1110862	7.66795650590888e-07	0.0444677348654788	NA
interaction	1111783	4414388	1.79041609206432e-06	0.103829159723913	NA
interaction	1111783	328438	-1.73724450298649e-07	0.0100745652242268	NA
interaction	1111783	316489	-1.31199655599835e-06	0.0760848277524768	NA
interaction	1111783	198910	2.43566864333634e-06	0.141248411318685	NA
interaction	1111783	4371419	-4.56483764429448e-07	0.0264722406698607	NA
interaction	1111783	192401	-1.19821498655877e-06	0.0694864483035082	NA
interaction	529021	585220	8.80432531532463e-08	0.00510577235916225	NA
interaction	529021	682726	5.44122511020826e-07	0.0315545550314056	NA
interaction	529021	1106927	1.94332932697768e-07	0.0112696848504242	NA
interaction	529021	1111783	-1.26987329769989e-07	0.00736420310565868	NA
interaction	529021	529021	-2.54083511959321e-06	0.147347187412842	NA
interaction	529021	4361727	-2.35687066038514e-07	0.0136678787311157	NA
interaction	529021	147040	-9.42816292317832e-07	0.0546754599890284	NA
interaction	529021	4297420	3.61462341995765e-06	0.209617928522895	NA
interaction	529021	194201	-1.46812678571801e-06	0.0851390753271859	NA
interaction	529021	528935	9.07388321782196e-08	0.00526209339893222	NA
interaction	529021	520734	2.90785068414929e-07	0.0168631020730894	NA
interaction	529021	183809	5.92974500582147e-07	0.034387561866786	NA
interaction	529021	294363	4.42594812607755e-06	0.256667976203461	NA
interaction	529021	191633	6.05655391625942e-07	0.0351229474944418	NA
interaction	529021	4385756	-3.82352451076212e-06	0.221732444707022	NA
interaction	529021	152842	-2.94880438553784e-06	0.171005992907253	NA
interaction	529021	346253	-2.21145954383465e-06	0.128246158654125	NA
interaction	529021	4407703	4.44171608842639e-07	0.0257582386149001	NA
interaction	529021	181707	-3.64865550461056e-07	0.0211591504815482	NA
interaction	529021	2079328	4.20907276071554e-07	0.0244091018785484	NA
interaction	529021	1110862	1.47864231406358e-06	0.0857488880277156	NA
interaction	529021	4414388	2.27839125166869e-06	0.132127637944943	NA
interaction	529021	328438	-8.80432531532464e-08	0.00510577235916225	NA
interaction	529021	316489	-3.23334322404746e-06	0.187506865884332	NA
interaction	529021	198910	3.64074024494288e-06	0.211132485951691	NA
interaction	529021	4371419	-8.44332123550082e-07	0.0489642018437368	NA
interaction	529021	192401	-3.38778418115173e-06	0.196463149775081	NA
interaction	4361727	585220	-2.00463941071172e-06	0.116252320612051	NA
interaction	4361727	682726	5.81952551263677e-06	0.337483809851303	NA
interaction	4361727	1106927	1.89868011530298e-06	0.110107567637595	NA
interaction	4361727	1111783	-1.55236473679936e-06	0.0900241719906973	NA
interaction	4361727	529021	-5.2496126075979e-05	3.04433627657189	NA
interaction	4361727	4361727	4.05081255472464e-06	0.23491325040047	NA
interaction	4361727	147040	-4.8100141646679e-05	2.789405944189	NA
interaction	4361727	4297420	6.11000206445747e-05	3.54329020542114	NA
interaction	4361727	194201	-3.12858814491555e-05	1.81431947382825	NA
interaction	4361727	528935	1.55236473679936e-06	0.0900241719906974	NA
interaction	4361727	520734	3.03672177086645e-06	0.176104465985244	NA
interaction	4361727	183809	6.74983777793902e-06	0.391434140847162	NA
interaction	4361727	294363	0.000105595803997967	6.12367351258481	NA
interaction	4361727	191633	7.36871057783337e-06	0.427323587481284	NA
interaction	4361727	4385756	-7.71575179565352e-05	4.47449075738197	NA
interaction	4361727	152842	-7.73335432680405e-05	4.48469875331362	NA
interaction	4361727	346253	-0.000178911428291826	10.3753665680737	NA
interaction	4361727	4407703	5.5943840214283e-06	0.324427486265532	NA
interaction	4361727	181707	-1.71270886015347e-06	0.0993227901545508	NA
interaction	4361727	2079328	4.46607017017551e-06	0.258994719212285	NA
interaction	4361727	1110862	3.20657391815693e-05	1.8595447001986	NA
interaction	4361727	4414388	0.000115597624900013	6.70369547763048	NA
interaction	4361727	328438	-1.7620362099367e-06	0.102183363907267	NA
interaction	4361727	316489	-6.63553624494432e-05	3.84805607860558	NA
interaction	4361727	198910	0.000149179974868943	8.65119091976988	NA
interaction	4361727	4371419	-6.2310759938381e-06	0.361350295880167	NA
interaction	4361727	192401	-6.82049762628686e-05	3.95531821108579	NA
interaction	147040	585220	-1.26867823781966e-06	0.0735727275780636	NA
interaction	147040	682726	4.60230370690303e-08	0.00266895124993561	NA
interaction	147040	1106927	1.40645270403314e-08	0.000815624943824173	NA
interaction	147040	1111783	-1.40645270403314e-08	0.000815624943824173	NA
interaction	147040	529021	-7.01240846972364e-07	0.0406661045038294	NA
interaction	147040	4361727	-1.94032502856754e-07	0.0112522624322016	NA
interaction	147040	147040	-2.36930512009922e-06	0.137399881982645	NA
interaction	147040	4297420	4.83376571152807e-06	0.280317985497748	NA
interaction	147040	194201	-1.00117690343941e-06	0.0580598873523579	NA
interaction	147040	528935	3.00833826845133e-08	0.00174458460222201	NA
interaction	147040	520734	2.33410802645126e-08	0.00135358744911553	NA
interaction	147040	183809	2.27187722987604e-07	0.0131749879159065	NA
interaction	147040	294363	2.91723685850046e-06	0.169175340344767	NA
interaction	147040	191633	3.09199904160677e-07	0.0179310085393067	NA
interaction	147040	4385756	-1.0203785874296e-06	0.0591734244361796	NA
interaction	147040	152842	-1.66559558552794e-06	0.0965906142442178	NA
interaction	147040	346253	-2.61270188850912e-06	0.151514858973484	NA
interaction	147040	4407703	4.22488944156271e-08	0.00245008253996484	NA
interaction	147040	181707	2.20934775666091e-08	0.00128123692659356	NA
interaction	147040	2079328	3.49962802809928e-08	0.00202949157525081	NA
interaction	147040	1110862	1.48564484276736e-06	0.0861549761289553	NA
interaction	147040	4414388	2.63056155707081e-06	0.152550570386003	NA
interaction	147040	328438	-5.99468376152871e-07	0.034764152340279	NA
interaction	147040	316489	-1.19100275348853e-06	0.069068199102814	NA
interaction	147040	198910	2.56387315345454e-06	0.148683200705012	NA
interaction	147040	4371419	-2.7720921678229e-06	0.160758162160191	NA
interaction	147040	192401	-1.05364436294017e-06	0.0611025612073114	NA
interaction	4297420	585220	1.14743086346315e-07	0.00665413938819659	NA
interaction	4297420	682726	-2.17141247885101e-07	0.0125923763806866	NA
interaction	4297420	1106927	-4.59527395765062e-08	0.00266487458328152	NA
interaction	4297420	1111783	1.04724005750186e-07	0.00607311650524048	NA
interaction	4297420	529021	3.39161898447528e-07	0.0196685536296603	NA
interaction	4297420	4361727	-4.23465712171186e-08	0.00245574697756028	NA
interaction	4297420	147040	3.42265751404661e-07	0.0198485511430171	NA
interaction	4297420	4297420	-1.57970415653434e-07	0.00916096296901694	NA
interaction	4297420	194201	1.39608581593089e-07	0.00809613015728917	NA
interaction	4297420	528935	3.39329137203101e-10	1.96782520788316e-05	NA
interaction	4297420	520734	-9.56400767855449e-08	0.0055463245960464	NA
interaction	4297420	183809	-2.52518268602857e-07	0.0146439477170595	NA
interaction	4297420	294363	2.26156442248868e-07	0.0131151822578715	NA
interaction	4297420	191633	-2.70212925901708e-07	0.0156700898563563	NA
interaction	4297420	4385756	-4.47475810645311e-07	0.0259498546857399	NA
interaction	4297420	152842	3.00492834899945e-07	0.0174260713411846	NA
interaction	4297420	346253	1.01333261154585e-06	0.0587648167618593	NA
interaction	4297420	4407703	-1.89335218204493e-07	0.0109798592067223	NA
interaction	4297420	181707	2.54655520432903e-07	0.0147678904489282	NA
interaction	4297420	2079328	-1.58046550858717e-07	0.00916537817418907	NA
interaction	4297420	1110862	2.51997436210637e-07	0.0146137437941385	NA
interaction	4297420	4414388	-9.32474430434739e-08	0.00540757184909143	NA
interaction	4297420	328438	-1.65683600512085e-07	0.00960826318387681	NA
interaction	4297420	316489	3.50178488827838e-07	0.0203074237377207	NA
interaction	4297420	198910	-3.39329137203128e-10	1.96782520788332e-05	NA
interaction	4297420	4371419	-2.50900573334694e-07	0.0145501349206223	NA
interaction	4297420	192401	3.96523269397387e-07	0.0229950334198797	NA
interaction	194201	585220	-9.17387770856197e-06	0.532008184081773	NA
interaction	194201	682726	1.12505183758541e-08	0.000652435975414258	NA
interaction	194201	1106927	-7.11506846764704e-08	0.004126144663513	NA
interaction	194201	1111783	-1.43678250581763e-07	0.0083321369231585	NA
interaction	194201	529021	1.05292635149813e-06	0.0610609225485492	NA
interaction	194201	4361727	-4.9904212752623e-06	0.289402698051826	NA
interaction	194201	147040	1.64555069971617e-06	0.0954281785066134	NA
interaction	194201	4297420	-1.17124144370443e-06	0.0679222084032099	NA
interaction	194201	194201	3.23600848992813e-06	0.187661429015248	NA
interaction	194201	528935	1.75724671121248e-08	0.00101905613036819	NA
interaction	194201	520734	-4.72325760758295e-08	0.00273909439670797	NA
interaction	194201	183809	7.12639412946029e-07	0.0413271260017643	NA
interaction	194201	294363	7.68682812559728e-06	0.445771744769501	NA
interaction	194201	191633	9.99230366420489e-07	0.0579470044845473	NA
interaction	194201	4385756	-9.77960238024581e-06	0.56713514924017	NA
interaction	194201	152842	-8.17957467794683e-07	0.0474346923865619	NA
interaction	194201	346253	-4.33022111135482e-06	0.251116609934137	NA
interaction	194201	4407703	-2.35076627621987e-07	0.0136324784081784	NA
interaction	194201	181707	-2.6152030014525e-07	0.0151659902606881	NA
interaction	194201	2079328	-1.75724671121248e-08	0.00101905613036819	NA
interaction	194201	1110862	6.23572742802332e-06	0.361620040162015	NA
interaction	194201	4414388	1.93299848328807e-05	1.12097745969202	NA
interaction	194201	328438	-2.01251256061876e-06	0.116708897461898	NA
interaction	194201	316489	6.35343766869929e-06	0.368446249686413	NA
interaction	194201	198910	1.41324708730646e-05	0.819565117894538	NA
interaction	194201	4371419	1.5834136188265e-06	0.0918247474801235	NA
interaction	194201	192401	6.64646193676577e-06	0.385439206612408	NA
interaction	528935	585220	-3.82391081591307e-07	0.0221754847175029	NA
interaction	528935	682726	2.32779228007418e-08	0.00134992484441561	NA
interaction	528935	1106927	7.41955005462116e-08	0.00430271851954037	NA
interaction	528935	1111783	1.19012336867805e-07	0.0069017202138281	NA
interaction	528935	529021	-4.01278622094766e-07	0.0232708041063408	NA
interaction	528935	4361727	-1.3377535593787e-06	0.0775785185374517	NA
interaction	528935	147040	-2.37757864213458e-06	0.137879677067539	NA
interaction	528935	4297420	2.12349367252253e-06	0.123144873794588	NA
interaction	528935	194201	-1.61915840644969e-06	0.0938976462213019	NA
interaction	528935	528935	1.0832876220132e-07	0.00628216223209107	NA
interaction	528935	520734	5.94206923715901e-08	0.00344590321015371	NA
interaction	528935	183809	1.13258991892684e-08	0.000656807432167137	NA
interaction	528935	294363	7.09426486115335e-07	0.0411408031159481	NA
interaction	528935	191633	-1.13258991892684e-08	0.000656807432167137	NA
interaction	528935	4385756	-2.09625184156453e-06	0.121565075428026	NA
interaction	528935	152842	-2.64547747220805e-06	0.153415568719115	NA
interaction	528935	346253	-3.63989520012942e-06	0.211083480419793	NA
interaction	528935	4407703	4.94590685668794e-08	0.00286821234057697	NA
interaction	528935	181707	2.23500365417814e-07	0.0129611520149839	NA
interaction	528935	2079328	4.09710090306913e-08	0.00237597587485529	NA
interaction	528935	1110862	1.06679259921242e-06	0.0618650489497136	NA
interaction	528935	4414388	-9.84381863861028e-08	0.00570859155171612	NA
interaction	528935	328438	-1.10141671386539e-06	0.0638729580310365	NA
interaction	528935	316489	-1.43896282197014e-06	0.0834478093340006	NA
interaction	528935	198910	4.19126742177123e-08	0.00243058458036403	NA
interaction	528935	4371419	4.18987750038277e-07	0.024297785422007	NA
interaction	528935	192401	-1.31114869865621e-06	0.0760356591174369	NA
interaction	520734	585220	-7.85502202701017e-07	0.0455525584411466	NA
interaction	520734	682726	-1.66940397538412e-07	0.00968114690055332	NA
interaction	520734	1106927	-2.63353818104386e-08	0.00152723189682325	NA
interaction	520734	1111783	9.74215841930155e-08	0.00564963712656903	NA
interaction	520734	529021	8.67745155568719e-09	0.000503219618928444	NA
interaction	520734	4361727	2.58222855892548e-07	0.0149747660712318	NA
interaction	520734	147040	-2.11465901439654e-07	0.0122632537509333	NA
interaction	520734	4297420	-4.27711280877791e-07	0.0248036772540268	NA
interaction	520734	194201	3.29371054944451e-07	0.0191007665893077	NA
interaction	520734	528935	-5.9722443732404e-08	0.0034634022654726	NA
interaction	520734	520734	-6.71467863503667e-08	0.00389395204601926	NA
interaction	520734	183809	-3.17949747803131e-07	0.0184384262938378	NA
interaction	520734	294363	3.51317574422473e-07	0.0203734811758038	NA
interaction	520734	191633	-4.23599803902503e-07	0.0245652459745827	NA
interaction	520734	4385756	2.54982372887927e-07	0.0147868451577857	NA
interaction	520734	152842	1.57745446036293e-07	0.00914791661268967	NA
interaction	520734	346253	-3.61947596051346e-07	0.0209899335292342	NA
interaction	520734	4407703	-1.98911041085254e-07	0.0115351768492419	NA
interaction	520734	181707	-8.67745155568719e-09	0.000503219618928444	NA
interaction	520734	2079328	-1.1840562015807e-07	0.00686653571875937	NA
interaction	520734	1110862	1.17123392264308e-06	0.067921772244552	NA
interaction	520734	4414388	2.24852466217066e-06	0.130395625534451	NA
interaction	520734	328438	-2.09396971054212e-07	0.0121432730914654	NA
interaction	520734	316489	2.51408886079722e-07	0.0145796128087105	NA
interaction	520734	198910	1.41341884544447e-06	0.0819664723250095	NA
interaction	520734	4371419	1.26532912765235e-07	0.00733785071976528	NA
interaction	520734	192401	3.57399123130137e-07	0.0207261601396131	NA
interaction	183809	585220	-1.08952495462833e-06	0.0631833354485006	NA
interaction	183809	682726	-4.40240644057533e-07	0.0255302755328261	NA
interaction	183809	1106927	9.18565179035555e-07	0.0532690982356747	NA
interaction	183809	1111783	2.11455684860422e-06	0.122626612747811	NA
interaction	183809	529021	1.46993480959512e-06	0.0852439255911851	NA
interaction	183809	4361727	-5.25786053421468e-08	0.00304911938421866	NA
interaction	183809	147040	-1.06430480330192e-05	0.617207775928505	NA
interaction	183809	4297420	2.2599141794847e-05	1.31056122285804	NA
interaction	183809	194201	-9.16539387674215e-06	0.531516192788243	NA
interaction	183809	528935	9.52386006754883e-07	0.0552304233928991	NA
interaction	183809	520734	5.24166477386615e-07	0.0303972719770106	NA
interaction	183809	183809	-9.8409893824619e-07	0.0570695081976653	NA
interaction	183809	294363	4.29120595849063e-05	2.48854057359714	NA
interaction	183809	191633	-1.19332785728339e-06	0.0692030356775971	NA
interaction	183809	4385756	-3.2201553059207e-05	1.86742076926236	NA
interaction	183809	152842	-8.85448552126756e-06	0.513486108360857	NA
interaction	183809	346253	-1.37656838790741e-05	0.798294539757707	NA
interaction	183809	4407703	-8.46023006870536e-07	0.0490622589351202	NA
interaction	183809	181707	2.11489790205829e-06	0.122646390995848	NA
interaction	183809	2079328	5.25786053421468e-08	0.00304911938421866	NA
interaction	183809	1110862	3.1671817044395e-05	1.83670051069385	NA
interaction	183809	4414388	4.52613822963803e-05	2.62478164299649	NA
interaction	183809	328438	3.98455164845602e-06	0.231070671990396	NA
interaction	183809	316489	-3.92861117800424e-06	0.227826592545783	NA
interaction	183809	198910	5.7677979447426e-05	3.34484043521667	NA
interaction	183809	4371419	-1.32204028679225e-05	0.766672801407488	NA
interaction	183809	192401	-3.39538492782655e-06	0.196903929515622	NA
interaction	294363	585220	-1.10856796453775e-07	0.00642876707626621	NA
interaction	294363	682726	-4.77277526256677e-08	0.00276781049533586	NA
interaction	294363	1106927	1.35465415677966e-07	0.00785586118435561	NA
interaction	294363	1111783	2.96708156859055e-07	0.0172065916668491	NA
interaction	294363	529021	-8.46323159593857e-07	0.0490796652828343	NA
interaction	294363	4361727	7.34356888060929e-08	0.00425865579307441	NA
interaction	294363	147040	-1.90734932218447e-06	0.110610309134372	NA
interaction	294363	4297420	1.46047181344342e-06	0.084695150955358	NA
interaction	294363	194201	-2.04706777755471e-06	0.118712811051839	NA
interaction	294363	528935	1.43591883486123e-07	0.00832712835391701	NA
interaction	294363	520734	8.22928826683686e-08	0.00477229896256333	NA
interaction	294363	183809	-1.48972882776057e-07	0.00863918131033605	NA
interaction	294363	294363	4.78967966403899e-06	0.277761363444009	NA
interaction	294363	191633	-1.95536937837445e-07	0.0113395070791843	NA
interaction	294363	4385756	-5.4815156935361e-06	0.317882067188686	NA
interaction	294363	152842	-3.22189297157876e-06	0.18684284700195	NA
interaction	294363	346253	-6.90514419510513e-06	0.400440614183478	NA
interaction	294363	4407703	-1.55099570963357e-08	0.000899447798645356	NA
interaction	294363	181707	3.74564236474908e-07	0.0217215931582576	NA
interaction	294363	2079328	1.55099570963357e-08	0.000899447798645357	NA
interaction	294363	1110862	2.36959180044498e-06	0.137416507045133	NA
interaction	294363	4414388	6.65886991010112e-06	0.38615876529544	NA
interaction	294363	328438	3.36580930788292e-08	0.00195188790905848	NA
interaction	294363	316489	-1.72676667751729e-06	0.100138025993251	NA
interaction	294363	198910	7.68892850621612e-06	0.445893549279482	NA
interaction	294363	4371419	-6.65163092571022e-07	0.0385738964741875	NA
interaction	294363	192401	-1.60870001152357e-06	0.0932911467812815	NA
interaction	191633	585220	-7.41375059133718e-06	0.429935531585664	NA
interaction	191633	682726	9.56936677318674e-07	0.0554943242274107	NA
interaction	191633	1106927	1.7458227861682e-06	0.101243120924872	NA
interaction	191633	1111783	2.44018046293205e-06	0.141510059121967	NA
interaction	191633	529021	-3.53997849930597e-06	0.205289147395829	NA
interaction	191633	4361727	-7.61114923943446e-06	0.441383002290055	NA
interaction	191633	147040	-1.48778564272018e-05	0.862791246222714	NA
interaction	191633	4297420	4.18846215534947e-05	2.42895776044958	NA
interaction	191633	194201	-9.37179250396395e-06	0.543485587013191	NA
interaction	191633	528935	1.54354434625332e-06	0.0895126631057562	NA
interaction	191633	520734	1.51683670806017e-06	0.0879638434519919	NA
interaction	191633	183809	1.93819613590864e-07	0.0112399166352164	NA
interaction	191633	294363	3.76955612802424e-05	2.18602729856844	NA
interaction	191633	191633	-1.92179639158887e-07	0.0111448118336032	NA
interaction	191633	4385756	-2.10172896417277e-05	1.21882702733007	NA
interaction	191633	152842	-4.06009951530447e-06	0.235451816445349	NA
interaction	191633	346253	-1.43842877252421e-05	0.834168389325014	NA
interaction	191633	4407703	1.92179639158887e-07	0.0111448118336032	NA
interaction	191633	181707	1.39570596232471e-06	0.0809392732405267	NA
interaction	191633	2079328	1.22924355423429e-06	0.0712858457304334	NA
interaction	191633	1110862	3.57351934276734e-05	2.07234235807657	NA
interaction	191633	4414388	3.90579383747447e-05	2.2650337762114	NA
interaction	191633	328438	-1.18709248329488e-06	0.0688414361339712	NA
interaction	191633	316489	-1.13681263808473e-05	0.659256256124073	NA
interaction	191633	198910	3.4605110137404e-05	2.00680697835854	NA
interaction	191633	4371419	-1.41426877259637e-05	0.820157609917054	NA
interaction	191633	192401	-1.18102631275382e-05	0.684896489752144	NA
interaction	4385756	585220	-2.30930343212058e-07	0.0133920285886268	NA
interaction	4385756	682726	1.44422865332025e-08	0.000837531835130826	NA
interaction	4385756	1106927	-2.74875125080562e-09	0.000159404584178049	NA
interaction	4385756	1111783	-1.78798086089394e-08	0.00103687936682367	NA
interaction	4385756	529021	-9.37216125210352e-07	0.0543506971321371	NA
interaction	4385756	4361727	3.81081439542685e-08	0.0022099536431487	NA
interaction	4385756	147040	-1.71552460066278e-06	0.099486079555477	NA
interaction	4385756	4297420	3.31706638329815e-06	0.192362108926975	NA
interaction	4385756	194201	-1.16891862812723e-06	0.0677875045259137	NA
interaction	4385756	528935	7.05570755934736e-09	0.00040917203011733	NA
interaction	4385756	520734	2.74875125080561e-09	0.000159404584178049	NA
interaction	4385756	183809	6.80618081472733e-08	0.00394701565772549	NA
interaction	4385756	294363	3.63920963623439e-06	0.211043723447392	NA
interaction	4385756	191633	7.21090088856269e-08	0.00418171945298279	NA
interaction	4385756	4385756	-2.21170236572549e-06	0.128260240293025	NA
interaction	4385756	152842	-2.01057015411166e-06	0.116596254129228	NA
interaction	4385756	346253	-5.44796348550108e-06	0.31593631972663	NA
interaction	4385756	4407703	3.87635650925586e-08	0.00224796258774855	NA
interaction	4385756	181707	1.5650714276838e-08	0.000907610537933412	NA
interaction	4385756	2079328	8.75536523873652e-09	0.000507737960937244	NA
interaction	4385756	1110862	1.73137069238968e-06	0.100405020351532	NA
interaction	4385756	4414388	4.31784924618235e-06	0.250399145222572	NA
interaction	4385756	328438	-5.34263379521286e-07	0.0309828078583647	NA
interaction	4385756	316489	-1.27777512142014e-06	0.0741002707477942	NA
interaction	4385756	198910	4.16457471071146e-06	0.241510504031536	NA
interaction	4385756	4371419	-8.27252201907401e-07	0.0479737092313379	NA
interaction	4385756	192401	-1.27081719454928e-06	0.0736967691798491	NA
interaction	152842	585220	-2.37528094018266e-06	0.13774642957048	NA
interaction	152842	682726	-2.3616787091433e-07	0.0136957613928436	NA
interaction	152842	1106927	-1.2288822239999e-07	0.00712648915987171	NA
interaction	152842	1111783	-2.31811180581861e-08	0.00134431097894523	NA
interaction	152842	529021	4.43515562549861e-06	0.257201934165682	NA
interaction	152842	4361727	-2.71663600737948e-07	0.015754216864568	NA
interaction	152842	147040	4.2346598999038e-06	0.245574858867927	NA
interaction	152842	4297420	-1.47743368539196e-06	0.0856787976727705	NA
interaction	152842	194201	2.89461709456991e-06	0.167863583210506	NA
interaction	152842	528935	2.31811180581861e-08	0.00134431097894523	NA
interaction	152842	520734	-1.5576573142071e-07	0.00903310972174396	NA
interaction	152842	183809	1.58042972236757e-07	0.00916517064404416	NA
interaction	152842	294363	-1.05173256987252e-05	0.609916931981036	NA
interaction	152842	191633	2.41595850672172e-07	0.014010538823494	NA
interaction	152842	4385756	8.82482914197045e-06	0.511766286383988	NA
interaction	152842	152842	3.93539307512495e-06	0.228219885860392	NA
interaction	152842	346253	8.59328743612481e-06	0.498338803875564	NA
interaction	152842	4407703	-1.50506154615839e-07	0.00872809825397752	NA
interaction	152842	181707	4.13798570224488e-07	0.0239968563909789	NA
interaction	152842	2079328	-2.0138011248462e-07	0.0116783623410563	NA
interaction	152842	1110862	-2.6648921591251e-08	0.00154541458191308	NA
interaction	152842	4414388	-3.25473106951852e-06	0.188747182050729	NA
interaction	152842	328438	-1.39097892689427e-06	0.0806651447187248	NA
interaction	152842	316489	8.17481796892922e-06	0.474071074523928	NA
interaction	152842	198910	-1.12127453851949e-05	0.650245457859269	NA
interaction	152842	4371419	1.90595120664298e-06	0.110529230125691	NA
interaction	152842	192401	8.52336012055647e-06	0.494283604389037	NA
interaction	346253	585220	-4.79389791729489e-07	0.0278005986854738	NA
interaction	346253	682726	1.52691165576387e-08	0.000885481061599594	NA
interaction	346253	1106927	-2.59234438296037e-09	0.000150334293905637	NA
interaction	346253	1111783	-1.83135224982338e-08	0.00106203114516482	NA
interaction	346253	529021	-5.04062383581974e-07	0.029231402670988	NA
interaction	346253	4361727	5.56577745443131e-08	0.00322768544622274	NA
interaction	346253	147040	-1.72971252632235e-06	0.100308860587209	NA
interaction	346253	4297420	3.79685727770803e-06	0.220185968213408	NA
interaction	346253	194201	-8.32651442939965e-07	0.04828682005627	NA
interaction	346253	528935	1.0227195677615e-08	0.000593091817173327	NA
interaction	346253	520734	2.59234438296036e-09	0.000150334293905637	NA
interaction	346253	183809	1.24054529036531e-07	0.00719412519073023	NA
interaction	346253	294363	4.78911548822951e-06	0.277728645965377	NA
interaction	346253	191633	1.73943253863425e-07	0.0100872540010849	NA
interaction	346253	4385756	-2.89237337244958e-06	0.167733466092234	NA
interaction	346253	152842	-2.35882473387801e-06	0.136792107231427	NA
interaction	346253	346253	-5.67299421894859e-06	0.328986220288555	NA
interaction	346253	4407703	3.93038822940456e-08	0.00227929646665158	NA
interaction	346253	181707	2.28478902004682e-08	0.0013249865500503	NA
interaction	346253	2079328	1.00213210372327e-08	0.000581152809802865	NA
interaction	346253	1110862	2.15112848567353e-06	0.124747461841754	NA
interaction	346253	4414388	5.50208884104646e-06	0.319075137686848	NA
interaction	346253	328438	-5.20369464623788e-07	0.0301770769919606	NA
interaction	346253	316489	-7.72757630127579e-07	0.0448134798173531	NA
interaction	346253	198910	6.03100890746945e-06	0.349748078072731	NA
interaction	346253	4371419	-9.96550628403523e-07	0.0577916020907602	NA
interaction	346253	192401	-6.94956526713858e-07	0.0403016664858912	NA
interaction	4407703	585220	-1.55848345080075e-06	0.0903790062307216	NA
interaction	4407703	682726	4.18433058093373e-07	0.0242656179282046	NA
interaction	4407703	1106927	-3.80118644492337e-07	0.0220437023706187	NA
interaction	4407703	1111783	-1.08298884203538e-06	0.0628042955809557	NA
interaction	4407703	529021	1.37050575407437e-06	0.0794778719165006	NA
interaction	4407703	4361727	-2.14035623712369e-06	0.12412276151638	NA
interaction	4407703	147040	1.48051358092734e-06	0.0858574058560263	NA
interaction	4407703	4297420	4.57186077326169e-09	0.000265129689442841	NA
interaction	4407703	194201	1.89269104522147e-06	0.109760251660685	NA
interaction	4407703	528935	-9.61202389577876e-07	0.0557416998634207	NA
interaction	4407703	520734	-1.48340616958704e-07	0.00860251518069785	NA
interaction	4407703	183809	4.92145339947373e-07	0.0285403138048535	NA
interaction	4407703	294363	-4.78008617463693e-06	0.277205021291003	NA
interaction	4407703	191633	5.39891670024217e-07	0.0313092016369905	NA
interaction	4407703	4385756	-1.09537788922486e-06	0.0635227567058107	NA
interaction	4407703	152842	5.03607873389336e-06	0.292050448809767	NA
interaction	4407703	346253	9.90603286798465e-06	0.574467060165005	NA
interaction	4407703	4407703	-2.05821326988617e-07	0.0119359156395032	NA
interaction	4407703	181707	-3.14785820396442e-06	0.182549449648216	NA
interaction	4407703	2079328	1.42768557082257e-07	0.00827938230813987	NA
interaction	4407703	1110862	2.02062290449963e-07	0.0117179229578524	NA
interaction	4407703	4414388	-5.54013602358074e-06	0.32128155607747	NA
interaction	4407703	328438	5.68022625382771e-08	0.00329405617828558	NA
interaction	4407703	316489	1.97008330433536e-06	0.114248355442005	NA
interaction	4407703	198910	-6.83716857211457e-06	0.396498596544058	NA
interaction	4407703	4371419	-4.57186077326169e-09	0.000265129689442841	NA
interaction	4407703	192401	1.97943348174844e-06	0.114790587534518	NA
interaction	181707	585220	-2.67696515933295e-08	0.00155241591234394	NA
interaction	181707	682726	8.94018154031386e-08	0.00518455760772215	NA
interaction	181707	1106927	2.29093550489703e-08	0.00132855099722032	NA
interaction	181707	1111783	-3.9181732050407e-08	0.002272212774088	NA
interaction	181707	529021	2.80812250007011e-07	0.0162847620101494	NA
interaction	181707	4361727	-1.45063778342943e-06	0.0841248594585496	NA
interaction	181707	147040	-5.07097824023107e-07	0.0294074328305647	NA
interaction	181707	4297420	9.75147552639248e-08	0.00565504026947306	NA
interaction	181707	194201	-7.61180366638219e-07	0.0441420953579917	NA
interaction	181707	528935	2.32490966354129e-08	0.00134825316790565	NA
interaction	181707	520734	4.07053994185478e-08	0.00236057273869846	NA
interaction	181707	183809	1.59184873088454e-07	0.00923139134349228	NA
interaction	181707	294363	8.94018154031386e-08	0.00518455760772215	NA
interaction	181707	191633	2.15940608954932e-07	0.0125227493639256	NA
interaction	181707	4385756	-5.41352163788194e-06	0.313938980608933	NA
interaction	181707	152842	-4.79650260664271e-08	0.00278157037053361	NA
interaction	181707	346253	-8.17148759351458e-07	0.0473877940602489	NA
interaction	181707	4407703	7.07591170375232e-08	0.00410343701521428	NA
interaction	181707	181707	-2.29093550489703e-08	0.00132855099722032	NA
interaction	181707	2079328	6.57175865203151e-08	0.00381107040856664	NA
interaction	181707	1110862	1.76467358637944e-07	0.0102336309684028	NA
interaction	181707	4414388	-9.66083378346351e-07	0.0560247563912852	NA
interaction	181707	328438	-4.19956223302256e-08	0.00243539487717778	NA
interaction	181707	316489	1.14828305724335e-07	0.0066590813994147	NA
interaction	181707	198910	-3.36746675570848e-07	0.0195284909018156	NA
interaction	181707	4371419	-5.41075962673269e-08	0.0031377880706154	NA
interaction	181707	192401	4.71519956357706e-08	0.00273442140509525	NA
interaction	2079328	585220	7.13844742602349e-07	0.0413970250414125	NA
interaction	2079328	682726	-4.20541080916506e-08	0.00243878656221205	NA
interaction	2079328	1106927	-3.13097321901226e-08	0.00181570261733572	NA
interaction	2079328	1111783	-2.41572432102822e-08	0.00140091807423259	NA
interaction	2079328	529021	8.64159289600639e-07	0.0501140116560259	NA
interaction	2079328	4361727	-3.25327923960551e-07	0.0188662988057725	NA
interaction	2079328	147040	-4.25242513315355e-07	0.0246605093822134	NA
interaction	2079328	4297420	3.17054599555663e-06	0.183865151817924	NA
interaction	2079328	194201	-4.06932302093882e-07	0.0235986702634079	NA
interaction	2079328	528935	-2.0191613241685e-08	0.00117094470142813	NA
interaction	2079328	520734	-3.52974945423937e-08	0.00204695948329561	NA
interaction	2079328	183809	-2.98146159832675e-08	0.00172899838130063	NA
interaction	2079328	294363	2.30702555845867e-06	0.1337881882642	NA
interaction	2079328	191633	-3.83477495779525e-08	0.00222384876545156	NA
interaction	2079328	4385756	2.82333587119737e-06	0.163729868394342	NA
interaction	2079328	152842	9.79944476479572e-07	0.0568285841598146	NA
interaction	2079328	346253	2.68160073359651e-06	0.155510415773425	NA
interaction	2079328	4407703	-3.18990723929834e-08	0.00184987942032904	NA
interaction	2079328	181707	2.58691980833534e-08	0.00150019713944212	NA
interaction	2079328	2079328	-3.87669841362265e-08	0.00224816086368712	NA
interaction	2079328	1110862	3.12627548111359e-06	0.181297832223591	NA
interaction	2079328	4414388	1.61683072535645e-06	0.0937626601847664	NA
interaction	2079328	328438	1.63732632697889e-07	0.00949512336699615	NA
interaction	2079328	316489	2.0191613241685e-08	0.00117094470142813	NA
interaction	2079328	198910	4.38771767435093e-07	0.02544509297324	NA
interaction	2079328	4371419	-4.28883989342302e-07	0.0248716845373679	NA
interaction	2079328	192401	-3.6000721117092e-08	0.0020877407434005	NA
interaction	1110862	585220	6.66215583866602e-07	0.0386349321671312	NA
interaction	1110862	682726	-5.11206206236814e-07	0.0296456846397194	NA
interaction	1110862	1106927	3.81073865920827e-07	0.022099097224759	NA
interaction	1110862	1111783	1.1757925196969e-06	0.0681861327491943	NA
interaction	1110862	529021	-5.83463102381431e-07	0.0338359803169122	NA
interaction	1110862	4361727	1.17873577016392e-06	0.0683568166612757	NA
interaction	1110862	147040	1.41440526056515e-06	0.0820236761524177	NA
interaction	1110862	4297420	-7.3055567443999e-07	0.0423661193310563	NA
interaction	1110862	194201	-2.12150781349314e-07	0.0123029710579028	NA
interaction	1110862	528935	3.79910394289949e-07	0.0220316256005192	NA
interaction	1110862	520734	1.25615404342474e-07	0.00728464290455567	NA
interaction	1110862	183809	-9.59885325446092e-07	0.0556653211586538	NA
interaction	1110862	294363	-8.48877595788895e-07	0.0492278012188744	NA
interaction	1110862	191633	-1.21242478084131e-06	0.070310497532481	NA
interaction	1110862	4385756	5.28355755194167e-06	0.306402150540618	NA
interaction	1110862	152842	1.38991013305617e-06	0.0806031636146561	NA
interaction	1110862	346253	4.08320525968839e-06	0.236791756381553	NA
interaction	1110862	4407703	-4.40867201310347e-07	0.0255666106134629	NA
interaction	1110862	181707	1.14108201180122e-06	0.0661732135823185	NA
interaction	1110862	2079328	-2.01494551043539e-07	0.0116849988204005	NA
interaction	1110862	1110862	1.25632101722479e-06	0.0728561121295234	NA
interaction	1110862	4414388	1.53948945636747e-06	0.0892775134042502	NA
interaction	1110862	328438	-2.0484765029062e-07	0.0118794505340767	NA
interaction	1110862	316489	-5.20858764783776e-07	0.0302054523091226	NA
interaction	1110862	198910	-4.69375302201266e-07	0.0272198420460601	NA
interaction	1110862	4371419	-1.25615404342474e-07	0.00728464290455568	NA
interaction	1110862	192401	-2.58574174990146e-07	0.0149951396407391	NA
interaction	4414388	585220	9.8617834877502e-08	0.00571900966178021	NA
interaction	4414388	682726	-7.68717816333245e-09	0.000445792044030704	NA
interaction	4414388	1106927	2.0534239632424e-08	0.00119081416663644	NA
interaction	4414388	1111783	4.53741485961686e-08	0.0026313211452966	NA
interaction	4414388	529021	-3.68926074461112e-08	0.0021394626914559	NA
interaction	4414388	4361727	-2.63912909894234e-08	0.00153047416162447	NA
interaction	4414388	147040	-1.79810389133776e-08	0.00104274987787135	NA
interaction	4414388	4297420	1.12563948415581e-07	0.00652776761279006	NA
interaction	4414388	194201	-4.56787276838381e-08	0.00264898418512424	NA
interaction	4414388	528935	2.34668668026197e-08	0.00136088201634721	NA
interaction	4414388	520734	1.23428766151124e-08	0.00071578361767596	NA
interaction	4414388	183809	-2.50954070598145e-08	0.00145532373144939	NA
interaction	4414388	294363	5.61715908956938e-07	0.0325748249745163	NA
interaction	4414388	191633	-3.7280436838729e-08	0.00216195355273124	NA
interaction	4414388	4385756	-7.26301598654729e-07	0.0421194185132167	NA
interaction	4414388	152842	-2.37204358715467e-07	0.0137558690169501	NA
interaction	4414388	346253	-3.32026955887717e-07	0.0192547866321746	NA
interaction	4414388	4407703	-2.05482216043305e-09	0.000119162500407293	NA
interaction	4414388	181707	5.71566321688539e-08	0.00331460665319337	NA
interaction	4414388	2079328	2.05482216043305e-09	0.000119162500407293	NA
interaction	4414388	1110862	2.54056182230749e-07	0.0147331338455912	NA
interaction	4414388	4414388	3.89648786174501e-07	0.0225963708856609	NA
interaction	4414388	328438	-2.85678758874194e-08	0.00165669788248375	NA
interaction	4414388	316489	-1.24585061686837e-07	0.00722489164749498	NA
interaction	4414388	198910	4.12314387375008e-07	0.0239107861982336	NA
interaction	4414388	4371419	7.48708130401877e-08	0.00434188099641454	NA
interaction	4414388	192401	-1.01992681459246e-07	0.00591472253898941	NA
interaction	328438	585220	-2.95130840360966e-06	0.171151205013803	NA
interaction	328438	682726	2.9609472699802e-07	0.0171710178651485	NA
interaction	328438	1106927	2.9693960126462e-07	0.0172200135067551	NA
interaction	328438	1111783	2.33310599503099e-07	0.0135300635469371	NA
interaction	328438	529021	1.37454143412759e-07	0.00797119076083698	NA
interaction	328438	4361727	-5.25597101307755e-07	0.0304802361998363	NA
interaction	328438	147040	-1.23899663051506e-05	0.718514425877472	NA
interaction	328438	4297420	3.84700243201806e-05	2.23093967789212	NA
interaction	328438	194201	-5.85968797346181e-06	0.339812896692285	NA
interaction	328438	528935	1.47066822157559e-07	0.00852864573523776	NA
interaction	328438	520734	2.74191891787011e-07	0.0159008366007987	NA
interaction	328438	183809	4.17166124295391e-07	0.0241921463635481	NA
interaction	328438	294363	5.05170732852504e-05	2.92956776593272	NA
interaction	328438	191633	4.76376658192354e-07	0.0276258621397717	NA
interaction	328438	4385756	-2.46441300564225e-05	1.42915343937449	NA
interaction	328438	152842	-9.26355670499955e-06	0.537208815871371	NA
interaction	328438	346253	-2.11924693943418e-05	1.2289859879176	NA
interaction	328438	4407703	-1.37454143412759e-07	0.00797119076083698	NA
interaction	328438	181707	-2.94124435451611e-07	0.0170567574334078	NA
interaction	328438	2079328	2.85438066115882e-07	0.0165530206578181	NA
interaction	328438	1110862	4.43234812409199e-05	2.57039122563806	NA
interaction	328438	4414388	6.8043629580853e-05	3.94596145290417	NA
interaction	328438	328438	-1.12301919938532e-06	0.0651257215251897	NA
interaction	328438	316489	-3.4540352976817e-06	0.200305160462187	NA
interaction	328438	198910	5.59018875663573e-05	3.2418419599342	NA
interaction	328438	4371419	-1.31420684389019e-05	0.762130059651139	NA
interaction	328438	192401	-2.7630515935754e-06	0.160233884462007	NA
interaction	316489	585220	-2.49581490079049e-07	0.0144736391235579	NA
interaction	316489	682726	3.63023968651595e-08	0.00210523541381246	NA
interaction	316489	1106927	-8.96484342907832e-08	0.00519885944068136	NA
interaction	316489	1111783	-2.00507363448462e-07	0.0116277501959378	NA
interaction	316489	529021	3.1892570605736e-07	0.0184950237104447	NA
interaction	316489	4361727	-6.31376220394631e-07	0.0366145404544763	NA
interaction	316489	147040	2.58346513457966e-08	0.00149819371758526	NA
interaction	316489	4297420	6.99810578893835e-07	0.040583160916899	NA
interaction	316489	194201	-1.27477212647541e-07	0.00739261221556606	NA
interaction	316489	528935	-9.28949398211951e-08	0.00538712961025578	NA
interaction	316489	520734	-5.30899794761819e-08	0.00307877480726626	NA
interaction	316489	183809	1.98348811836979e-07	0.0115025722548802	NA
interaction	316489	294363	5.91228637518919e-08	0.00342863164101286	NA
interaction	316489	191633	2.86050454458645e-07	0.0165885340601695	NA
interaction	316489	4385756	3.10477268710646e-07	0.018005085000344	NA
interaction	316489	152842	2.35860454120025e-07	0.0136779337897634	NA
interaction	316489	346253	1.27004766376128e-06	0.0736521428298882	NA
interaction	316489	4407703	6.81442592403467e-09	0.00039517971315684	NA
interaction	316489	181707	-2.10842843166649e-07	0.0122271215818627	NA
interaction	316489	2079328	-6.81442592403467e-09	0.000395179713156839	NA
interaction	316489	1110862	1.88329112944136e-07	0.0109215135158856	NA
interaction	316489	4414388	-4.10872280386862e-07	0.0238271560535567	NA
interaction	316489	328438	-2.376486882466e-07	0.0137816364137371	NA
interaction	316489	316489	2.83545506189999e-07	0.0164432680099825	NA
interaction	316489	198910	-8.81226129665774e-07	0.0511037456463311	NA
interaction	316489	4371419	-2.7120080195369e-07	0.0157273784055619	NA
interaction	316489	192401	4.41282986443221e-07	0.0255907226738735	NA
interaction	198910	585220	-4.46091289285338e-08	0.00258695640258966	NA
interaction	198910	682726	-4.83856293584151e-09	0.00028059618438776	NA
interaction	198910	1106927	4.21640193541861e-08	0.00244516049622875	NA
interaction	198910	1111783	8.35347913759809e-08	0.00484431928126843	NA
interaction	198910	529021	-1.00078423234837e-07	0.00580371157130661	NA
interaction	198910	4361727	-3.7717164764081e-07	0.0218728011995672	NA
interaction	198910	147040	-2.95441477648517e-06	0.171331348661351	NA
interaction	198910	4297420	2.38589183340146e-06	0.138361772636101	NA
interaction	198910	194201	-1.47823668357299e-06	0.0857253648516319	NA
interaction	198910	528935	6.26170499621431e-08	0.00363126521861378	NA
interaction	198910	520734	2.85216389859189e-08	0.00165401652888538	NA
interaction	198910	183809	-8.81251376022816e-10	5.1105209723899e-05	NA
interaction	198910	294363	4.2008770286006e-06	0.2436157348654	NA
interaction	198910	191633	8.81251376022816e-10	5.1105209723899e-05	NA
interaction	198910	4385756	-7.83023122949269e-06	0.45408792548596	NA
interaction	198910	152842	-2.4139650215837e-06	0.139989782768858	NA
interaction	198910	346253	-5.91831874106171e-06	0.343212990871983	NA
interaction	198910	4407703	1.48718603849792e-08	0.000862443525919928	NA
interaction	198910	181707	1.47191353489807e-07	0.00853586751102715	NA
interaction	198910	2079328	1.13866803409927e-08	0.000660332230641948	NA
interaction	198910	1110862	2.12571075811465e-06	0.123273446216991	NA
interaction	198910	4414388	4.33536651006702e-06	0.251415000027423	NA
interaction	198910	328438	-4.68772911108793e-08	0.00271849084006166	NA
interaction	198910	316489	-9.25341978090785e-07	0.0536620959051221	NA
interaction	198910	198910	6.37048209897906e-06	0.369434684096584	NA
interaction	198910	4371419	-7.84760596401634e-07	0.0455095514779874	NA
interaction	198910	192401	-7.63287735971416e-07	0.0442643051549566	NA
interaction	4371419	585220	4.87999502316475e-08	0.00282998898947491	NA
interaction	4371419	682726	3.92196611581688e-07	0.022744123451293	NA
interaction	4371419	1106927	2.08442444264754e-07	0.0120879185205795	NA
interaction	4371419	1111783	4.67058448397367e-08	0.0027085483901756	NA
interaction	4371419	529021	-2.20897515841478e-07	0.0128102085077196	NA
interaction	4371419	4361727	-1.90596685423934e-07	0.0110530137555416	NA
interaction	4371419	147040	-2.05679341028207e-07	0.011927681641257	NA
interaction	4371419	4297420	8.14871593873508e-07	0.0472557375069282	NA
interaction	4371419	194201	-6.5228548077222e-08	0.00378271026879572	NA
interaction	4371419	528935	1.68192775836311e-07	0.00975377436793568	NA
interaction	4371419	520734	2.61777595922697e-07	0.0151809112639629	NA
interaction	4371419	183809	4.71037750766475e-07	0.027316250159445	NA
interaction	4371419	294363	4.89333165144002e-08	0.00283772311850508	NA
interaction	4371419	191633	4.97728766159359e-07	0.0288641058298138	NA
interaction	4371419	4385756	-2.65051575273178e-07	0.0153707746853321	NA
interaction	4371419	152842	-1.50001020694539e-07	0.0086988047110804	NA
interaction	4371419	346253	2.0382053674161e-07	0.0118198865381947	NA
interaction	4371419	4407703	3.70294237657893e-07	0.0214739689377438	NA
interaction	4371419	181707	-4.67058448397366e-08	0.0027085483901756	NA
interaction	4371419	2079328	3.28764951063607e-07	0.0190656176331894	NA
interaction	4371419	1110862	-3.72753750874719e-07	0.0216166001349079	NA
interaction	4371419	4414388	-5.07753232442567e-07	0.0294454410375788	NA
interaction	4371419	328438	1.04710603755293e-07	0.00607233930162034	NA
interaction	4371419	316489	-2.98949950612643e-07	0.0173365969559778	NA
interaction	4371419	198910	-6.44812252605447e-07	0.0373937179544193	NA
interaction	4371419	4371419	-1.3250952272525e-07	0.00768444411383516	NA
interaction	4371419	192401	-3.24423883296068e-07	0.0188138720079094	NA
interaction	192401	585220	-3.15663583813473e-08	0.00183058479020944	NA
interaction	192401	682726	6.62192672840543e-08	0.00384016369720472	NA
interaction	192401	1106927	1.85402803874212e-08	0.0010751812063151	NA
interaction	192401	1111783	-2.34256677166584e-08	0.00135849281391783	NA
interaction	192401	529021	-3.8387188307395e-08	0.00222613588192506	NA
interaction	192401	4361727	-1.47239607657376e-07	0.0085386658491867	NA
interaction	192401	147040	-3.23446740311623e-08	0.00187572058868581	NA
interaction	192401	4297420	3.14392717104343e-07	0.018232148261483	NA
interaction	192401	194201	-1.50376313680471e-08	0.000872056856561245	NA
interaction	192401	528935	1.50376313680471e-08	0.000872056856561245	NA
interaction	192401	520734	3.23794507727455e-08	0.00187773734885264	NA
interaction	192401	183809	1.00688586160644e-07	0.00583909591808609	NA
interaction	192401	294363	2.60647312160538e-07	0.0151153642585518	NA
interaction	192401	191633	1.20596150970132e-07	0.00699356818600194	NA
interaction	192401	4385756	-2.74774030986149e-07	0.0159345958057996	NA
interaction	192401	152842	-1.04247088808358e-07	0.00604545931116837	NA
interaction	192401	346253	-8.06498221472484e-08	0.00467701519358941	NA
interaction	192401	4407703	5.85334352534204e-08	0.00339444971761255	NA
interaction	192401	181707	-3.02915444098216e-08	0.00175665624139083	NA
interaction	192401	2079328	4.972855718078e-08	0.00288384042639483	NA
interaction	192401	1110862	1.84294573884767e-07	0.0106875439921172	NA
interaction	192401	4414388	2.7395473499738e-07	0.0158870834903909	NA
interaction	192401	328438	-3.81823122865312e-08	0.00221425478613501	NA
interaction	192401	316489	-8.4828866355835e-08	0.00491936480748634	NA
interaction	192401	198910	1.68910184710988e-07	0.00979537808282986	NA
interaction	192401	4371419	2.12239925232114e-08	0.00123081406575767	NA
interaction	192401	192401	-7.34357547886101e-08	0.00425865961950859	NA
