mass.metagenomeSeq
5379.88826822871
13309.9730462637
24555.1724152974
37556.277059787
16278.5388134471
33525.1396676071
28351.7241399279
39509.6418771607
41729.2161563522
50099.0991053589
39217.0818543723
40319.402989129
39366.6666705324
12754.7169815383
39206.636504567
8731.13207566162
10790.8745250052
11743.0167601203
21917.6029974487
18855.7993739277
25129.7071145481
21456.1403520286
33980.7692336506
42269.9530560882
37288.7931069164
43883.5443085943
49801.4527906777
13920.4244036628
12481.6369363771
12979.3548391272
15337.8932974359
19361.3684969995
24534.7698349807
26725.5813971258
28438.5964932406
24093.4579453713
24250.0000014652
21254.9019619098
29334.8017642533
29898.0716275721
25328.6052025411
29864.6616563585
21126.2798645934
25363.9053270395
33822.429909389
53206.549125425
40051.7711211584
41203.1250042303
52341.246297621
35156.8627481804
52105.0119399338
41175.0000042268
40113.20755118
37418.8235328994
39111.570251748
44435.211272502
37860.9077634401
